file,method,line
src/main/java/com/alibaba/fastjson/JSONPath.java,isRef,83
src/main/java/com/alibaba/fastjson/JSONPath.java,extract,116
src/main/java/com/alibaba/fastjson/JSONPath.java,extract,117
src/main/java/com/alibaba/fastjson/JSONPath.java,extract,118
src/main/java/com/alibaba/fastjson/JSONPath.java,explain,1748
src/main/java/com/alibaba/fastjson/JSONPath.java,explain,1749
src/main/java/com/alibaba/fastjson/JSONPath.java,explain,1750
src/main/java/com/alibaba/fastjson/JSONPath.java,explain,1751
src/main/java/com/alibaba/fastjson/JSONPath.java,explain,1752
src/main/java/com/alibaba/fastjson/JSONPath.java,explain,1753
src/main/java/com/alibaba/fastjson/JSONPath.java,explain,1754
src/main/java/com/alibaba/fastjson/JSONPath.java,explain,1755
src/main/java/com/alibaba/fastjson/JSONPath.java,explain,1756
src/main/java/com/alibaba/fastjson/JSONPath.java,explain,1757
src/main/java/com/alibaba/fastjson/JSONPath.java,explain,1758
src/main/java/com/alibaba/fastjson/JSONPath.java,explain,1759
src/main/java/com/alibaba/fastjson/JSONPath.java,explain,1760
src/main/java/com/alibaba/fastjson/JSONPath.java,explain,1761
src/main/java/com/alibaba/fastjson/JSONPath.java,explain,1762
src/main/java/com/alibaba/fastjson/JSONPath.java,explain,1763
src/main/java/com/alibaba/fastjson/JSONPath.java,buildArraySegement,1798
src/main/java/com/alibaba/fastjson/JSONPath.java,buildArraySegement,1799
src/main/java/com/alibaba/fastjson/JSONPath.java,buildArraySegement,1800
src/main/java/com/alibaba/fastjson/JSONPath.java,buildArraySegement,1801
src/main/java/com/alibaba/fastjson/JSONPath.java,buildArraySegement,1802
src/main/java/com/alibaba/fastjson/JSONPath.java,buildArraySegement,1803
src/main/java/com/alibaba/fastjson/JSONPath.java,buildArraySegement,1804
src/main/java/com/alibaba/fastjson/JSONPath.java,buildArraySegement,1805
src/main/java/com/alibaba/fastjson/JSONPath.java,buildArraySegement,1806
src/main/java/com/alibaba/fastjson/JSONPath.java,buildArraySegement,1807
src/main/java/com/alibaba/fastjson/JSONPath.java,buildArraySegement,1808
src/main/java/com/alibaba/fastjson/JSONPath.java,buildArraySegement,1809
src/main/java/com/alibaba/fastjson/JSONPath.java,buildArraySegement,1810
src/main/java/com/alibaba/fastjson/JSONPath.java,buildArraySegement,1811
src/main/java/com/alibaba/fastjson/JSONPath.java,buildArraySegement,1812
src/main/java/com/alibaba/fastjson/JSONPath.java,,83
src/main/java/com/alibaba/fastjson/JSONPath.java,,116
src/main/java/com/alibaba/fastjson/JSONPath.java,,117
src/main/java/com/alibaba/fastjson/JSONPath.java,,118
src/main/java/com/alibaba/fastjson/JSONPath.java,,1748
src/main/java/com/alibaba/fastjson/JSONPath.java,,1749
src/main/java/com/alibaba/fastjson/JSONPath.java,,1750
src/main/java/com/alibaba/fastjson/JSONPath.java,,1751
src/main/java/com/alibaba/fastjson/JSONPath.java,,1752
src/main/java/com/alibaba/fastjson/JSONPath.java,,1753
src/main/java/com/alibaba/fastjson/JSONPath.java,,1754
src/main/java/com/alibaba/fastjson/JSONPath.java,,1755
src/main/java/com/alibaba/fastjson/JSONPath.java,,1756
src/main/java/com/alibaba/fastjson/JSONPath.java,,1757
src/main/java/com/alibaba/fastjson/JSONPath.java,,1758
src/main/java/com/alibaba/fastjson/JSONPath.java,,1759
src/main/java/com/alibaba/fastjson/JSONPath.java,,1760
src/main/java/com/alibaba/fastjson/JSONPath.java,,1761
src/main/java/com/alibaba/fastjson/JSONPath.java,,1762
src/main/java/com/alibaba/fastjson/JSONPath.java,,1763
src/main/java/com/alibaba/fastjson/JSONPath.java,,1798
src/main/java/com/alibaba/fastjson/JSONPath.java,,1799
src/main/java/com/alibaba/fastjson/JSONPath.java,,1800
src/main/java/com/alibaba/fastjson/JSONPath.java,,1801
src/main/java/com/alibaba/fastjson/JSONPath.java,,1802
src/main/java/com/alibaba/fastjson/JSONPath.java,,1803
src/main/java/com/alibaba/fastjson/JSONPath.java,,1804
src/main/java/com/alibaba/fastjson/JSONPath.java,,1805
src/main/java/com/alibaba/fastjson/JSONPath.java,,1806
src/main/java/com/alibaba/fastjson/JSONPath.java,,1807
src/main/java/com/alibaba/fastjson/JSONPath.java,,1808
src/main/java/com/alibaba/fastjson/JSONPath.java,,1809
src/main/java/com/alibaba/fastjson/JSONPath.java,,1810
src/main/java/com/alibaba/fastjson/JSONPath.java,,1811
src/main/java/com/alibaba/fastjson/JSONPath.java,,1812
src/main/java/com/alibaba/fastjson/parser/JSONScanner.java,scanFieldStringArray,2237
src/main/java/com/alibaba/fastjson/parser/JSONScanner.java,scanFieldStringArray,2238
src/main/java/com/alibaba/fastjson/parser/JSONScanner.java,scanFieldStringArray,2239
src/main/java/com/alibaba/fastjson/parser/JSONScanner.java,scanFieldStringArray,2240
src/main/java/com/alibaba/fastjson/parser/JSONScanner.java,scanFieldStringArray,2241
src/main/java/com/alibaba/fastjson/parser/JSONScanner.java,scanFieldStringArray,2242
src/main/java/com/alibaba/fastjson/parser/JSONScanner.java,scanFieldStringArray,2243
src/main/java/com/alibaba/fastjson/parser/JSONScanner.java,scanFieldStringArray,2244
src/main/java/com/alibaba/fastjson/parser/JSONScanner.java,scanFieldStringArray,2245
src/main/java/com/alibaba/fastjson/parser/JSONScanner.java,scanFieldStringArray,2246
src/main/java/com/alibaba/fastjson/parser/JSONScanner.java,scanFieldStringArray,2247
src/main/java/com/alibaba/fastjson/parser/JSONScanner.java,scanFieldStringArray,2248
src/main/java/com/alibaba/fastjson/parser/JSONScanner.java,scanFieldStringArray,2249
src/main/java/com/alibaba/fastjson/parser/JSONScanner.java,scanFieldStringArray,2250
src/main/java/com/alibaba/fastjson/parser/JSONScanner.java,scanFieldStringArray,2251
src/main/java/com/alibaba/fastjson/parser/JSONScanner.java,scanFieldStringArray,2252
src/main/java/com/alibaba/fastjson/parser/JSONScanner.java,scanFieldStringArray,2253
src/main/java/com/alibaba/fastjson/parser/JSONScanner.java,scanFieldStringArray,2254
src/main/java/com/alibaba/fastjson/parser/JSONScanner.java,matchField2,2277
src/main/java/com/alibaba/fastjson/parser/JSONScanner.java,matchField2,2278
src/main/java/com/alibaba/fastjson/parser/JSONScanner.java,matchField2,2279
src/main/java/com/alibaba/fastjson/parser/JSONScanner.java,matchField2,2280
src/main/java/com/alibaba/fastjson/parser/JSONScanner.java,matchField2,2281
src/main/java/com/alibaba/fastjson/parser/JSONScanner.java,matchField2,2286
src/main/java/com/alibaba/fastjson/parser/JSONScanner.java,matchField2,2287
src/main/java/com/alibaba/fastjson/parser/JSONScanner.java,matchField2,2288
src/main/java/com/alibaba/fastjson/parser/JSONScanner.java,matchField2,2289
src/main/java/com/alibaba/fastjson/parser/JSONScanner.java,skipObject,2331
src/main/java/com/alibaba/fastjson/parser/JSONScanner.java,skipObject,2332
src/main/java/com/alibaba/fastjson/parser/JSONScanner.java,skipObject,2333
src/main/java/com/alibaba/fastjson/parser/JSONScanner.java,skipObject,2334
src/main/java/com/alibaba/fastjson/parser/JSONScanner.java,skipObject,2335
src/main/java/com/alibaba/fastjson/parser/JSONScanner.java,skipObject,2336
src/main/java/com/alibaba/fastjson/parser/JSONScanner.java,skipObject,2337
src/main/java/com/alibaba/fastjson/parser/JSONScanner.java,skipObject,2338
src/main/java/com/alibaba/fastjson/parser/JSONScanner.java,skipObject,2339
src/main/java/com/alibaba/fastjson/parser/JSONScanner.java,skipObject,2340
src/main/java/com/alibaba/fastjson/parser/JSONScanner.java,skipObject,2341
src/main/java/com/alibaba/fastjson/parser/JSONScanner.java,skipObject,2342
src/main/java/com/alibaba/fastjson/parser/JSONScanner.java,skipObject,2343
src/main/java/com/alibaba/fastjson/parser/JSONScanner.java,skipObject,2344
src/main/java/com/alibaba/fastjson/parser/JSONScanner.java,skipObject,2345
src/main/java/com/alibaba/fastjson/parser/JSONScanner.java,skipObject,2346
src/main/java/com/alibaba/fastjson/parser/JSONScanner.java,skipObject,2347
src/main/java/com/alibaba/fastjson/parser/JSONScanner.java,skipObject,2348
src/main/java/com/alibaba/fastjson/parser/JSONScanner.java,skipObject,2349
src/main/java/com/alibaba/fastjson/parser/JSONScanner.java,skipArray,2394
src/main/java/com/alibaba/fastjson/parser/JSONScanner.java,skipArray,2395
src/main/java/com/alibaba/fastjson/parser/JSONScanner.java,skipArray,2398
src/main/java/com/alibaba/fastjson/parser/JSONScanner.java,skipArray,2399
src/main/java/com/alibaba/fastjson/parser/JSONScanner.java,skipArray,2400
src/main/java/com/alibaba/fastjson/parser/JSONScanner.java,skipArray,2401
src/main/java/com/alibaba/fastjson/parser/JSONScanner.java,skipArray,2402
src/main/java/com/alibaba/fastjson/parser/JSONScanner.java,skipArray,2403
src/main/java/com/alibaba/fastjson/parser/JSONScanner.java,skipArray,2407
src/main/java/com/alibaba/fastjson/parser/JSONScanner.java,skipArray,2408
src/main/java/com/alibaba/fastjson/parser/JSONScanner.java,seekArrayToItem,2504
src/main/java/com/alibaba/fastjson/parser/JSONScanner.java,seekArrayToItem,2505
src/main/java/com/alibaba/fastjson/parser/JSONScanner.java,seekArrayToItem,2506
src/main/java/com/alibaba/fastjson/parser/JSONScanner.java,seekObjectToField,2524
src/main/java/com/alibaba/fastjson/parser/JSONScanner.java,seekObjectToField,2525
src/main/java/com/alibaba/fastjson/parser/JSONScanner.java,seekObjectToField,2526
src/main/java/com/alibaba/fastjson/parser/JSONScanner.java,seekObjectToField,2527
src/main/java/com/alibaba/fastjson/parser/JSONScanner.java,seekObjectToField,2528
src/main/java/com/alibaba/fastjson/parser/JSONScanner.java,seekObjectToField,2529
src/main/java/com/alibaba/fastjson/parser/JSONScanner.java,seekObjectToField,2530
src/main/java/com/alibaba/fastjson/parser/JSONScanner.java,seekObjectToField,2531
src/main/java/com/alibaba/fastjson/parser/JSONScanner.java,seekObjectToField,2532
src/main/java/com/alibaba/fastjson/parser/JSONScanner.java,seekObjectToField,2533
src/main/java/com/alibaba/fastjson/parser/JSONScanner.java,seekObjectToField,2534
src/main/java/com/alibaba/fastjson/parser/JSONScanner.java,seekObjectToField,2535
src/main/java/com/alibaba/fastjson/parser/JSONScanner.java,seekObjectToField,2536
src/main/java/com/alibaba/fastjson/parser/JSONScanner.java,seekObjectToField,2537
src/main/java/com/alibaba/fastjson/parser/JSONScanner.java,seekObjectToField,2538
src/main/java/com/alibaba/fastjson/parser/JSONScanner.java,seekObjectToField,2539
src/main/java/com/alibaba/fastjson/parser/JSONScanner.java,seekObjectToField,2540
src/main/java/com/alibaba/fastjson/parser/JSONScanner.java,seekObjectToField,2569
src/main/java/com/alibaba/fastjson/parser/JSONScanner.java,seekObjectToField,2570
src/main/java/com/alibaba/fastjson/parser/JSONScanner.java,seekObjectToField,2579
src/main/java/com/alibaba/fastjson/parser/JSONScanner.java,,2237
src/main/java/com/alibaba/fastjson/parser/JSONScanner.java,,2238
src/main/java/com/alibaba/fastjson/parser/JSONScanner.java,,2239
src/main/java/com/alibaba/fastjson/parser/JSONScanner.java,,2240
src/main/java/com/alibaba/fastjson/parser/JSONScanner.java,,2241
src/main/java/com/alibaba/fastjson/parser/JSONScanner.java,,2242
src/main/java/com/alibaba/fastjson/parser/JSONScanner.java,,2243
src/main/java/com/alibaba/fastjson/parser/JSONScanner.java,,2244
src/main/java/com/alibaba/fastjson/parser/JSONScanner.java,,2245
src/main/java/com/alibaba/fastjson/parser/JSONScanner.java,,2246
src/main/java/com/alibaba/fastjson/parser/JSONScanner.java,,2247
src/main/java/com/alibaba/fastjson/parser/JSONScanner.java,,2248
src/main/java/com/alibaba/fastjson/parser/JSONScanner.java,,2249
src/main/java/com/alibaba/fastjson/parser/JSONScanner.java,,2250
src/main/java/com/alibaba/fastjson/parser/JSONScanner.java,,2251
src/main/java/com/alibaba/fastjson/parser/JSONScanner.java,,2252
src/main/java/com/alibaba/fastjson/parser/JSONScanner.java,,2253
src/main/java/com/alibaba/fastjson/parser/JSONScanner.java,,2254
src/main/java/com/alibaba/fastjson/parser/JSONScanner.java,,2277
src/main/java/com/alibaba/fastjson/parser/JSONScanner.java,,2278
src/main/java/com/alibaba/fastjson/parser/JSONScanner.java,,2279
src/main/java/com/alibaba/fastjson/parser/JSONScanner.java,,2280
src/main/java/com/alibaba/fastjson/parser/JSONScanner.java,,2281
src/main/java/com/alibaba/fastjson/parser/JSONScanner.java,,2286
src/main/java/com/alibaba/fastjson/parser/JSONScanner.java,,2287
src/main/java/com/alibaba/fastjson/parser/JSONScanner.java,,2288
src/main/java/com/alibaba/fastjson/parser/JSONScanner.java,,2289
src/main/java/com/alibaba/fastjson/parser/JSONScanner.java,,2331
src/main/java/com/alibaba/fastjson/parser/JSONScanner.java,,2332
src/main/java/com/alibaba/fastjson/parser/JSONScanner.java,,2333
src/main/java/com/alibaba/fastjson/parser/JSONScanner.java,,2334
src/main/java/com/alibaba/fastjson/parser/JSONScanner.java,,2335
src/main/java/com/alibaba/fastjson/parser/JSONScanner.java,,2336
src/main/java/com/alibaba/fastjson/parser/JSONScanner.java,,2337
src/main/java/com/alibaba/fastjson/parser/JSONScanner.java,,2338
src/main/java/com/alibaba/fastjson/parser/JSONScanner.java,,2339
src/main/java/com/alibaba/fastjson/parser/JSONScanner.java,,2340
src/main/java/com/alibaba/fastjson/parser/JSONScanner.java,,2341
src/main/java/com/alibaba/fastjson/parser/JSONScanner.java,,2342
src/main/java/com/alibaba/fastjson/parser/JSONScanner.java,,2343
src/main/java/com/alibaba/fastjson/parser/JSONScanner.java,,2344
src/main/java/com/alibaba/fastjson/parser/JSONScanner.java,,2345
src/main/java/com/alibaba/fastjson/parser/JSONScanner.java,,2346
src/main/java/com/alibaba/fastjson/parser/JSONScanner.java,,2347
src/main/java/com/alibaba/fastjson/parser/JSONScanner.java,,2348
src/main/java/com/alibaba/fastjson/parser/JSONScanner.java,,2349
src/main/java/com/alibaba/fastjson/parser/JSONScanner.java,,2394
src/main/java/com/alibaba/fastjson/parser/JSONScanner.java,,2395
src/main/java/com/alibaba/fastjson/parser/JSONScanner.java,,2398
src/main/java/com/alibaba/fastjson/parser/JSONScanner.java,,2399
src/main/java/com/alibaba/fastjson/parser/JSONScanner.java,,2400
src/main/java/com/alibaba/fastjson/parser/JSONScanner.java,,2401
src/main/java/com/alibaba/fastjson/parser/JSONScanner.java,,2402
src/main/java/com/alibaba/fastjson/parser/JSONScanner.java,,2403
src/main/java/com/alibaba/fastjson/parser/JSONScanner.java,,2407
src/main/java/com/alibaba/fastjson/parser/JSONScanner.java,,2408
src/main/java/com/alibaba/fastjson/parser/JSONScanner.java,,2504
src/main/java/com/alibaba/fastjson/parser/JSONScanner.java,,2505
src/main/java/com/alibaba/fastjson/parser/JSONScanner.java,,2506
src/main/java/com/alibaba/fastjson/parser/JSONScanner.java,,2524
src/main/java/com/alibaba/fastjson/parser/JSONScanner.java,,2525
src/main/java/com/alibaba/fastjson/parser/JSONScanner.java,,2526
src/main/java/com/alibaba/fastjson/parser/JSONScanner.java,,2527
src/main/java/com/alibaba/fastjson/parser/JSONScanner.java,,2528
src/main/java/com/alibaba/fastjson/parser/JSONScanner.java,,2529
src/main/java/com/alibaba/fastjson/parser/JSONScanner.java,,2530
src/main/java/com/alibaba/fastjson/parser/JSONScanner.java,,2531
src/main/java/com/alibaba/fastjson/parser/JSONScanner.java,,2532
src/main/java/com/alibaba/fastjson/parser/JSONScanner.java,,2533
src/main/java/com/alibaba/fastjson/parser/JSONScanner.java,,2534
src/main/java/com/alibaba/fastjson/parser/JSONScanner.java,,2535
src/main/java/com/alibaba/fastjson/parser/JSONScanner.java,,2536
src/main/java/com/alibaba/fastjson/parser/JSONScanner.java,,2537
src/main/java/com/alibaba/fastjson/parser/JSONScanner.java,,2538
src/main/java/com/alibaba/fastjson/parser/JSONScanner.java,,2539
src/main/java/com/alibaba/fastjson/parser/JSONScanner.java,,2540
src/main/java/com/alibaba/fastjson/parser/JSONScanner.java,,2569
src/main/java/com/alibaba/fastjson/parser/JSONScanner.java,,2570
src/main/java/com/alibaba/fastjson/parser/JSONScanner.java,,2579
src/test/java/com/alibaba/json/bvt/path/extract/JSONPath_extract_2_book.java,test_0,12
src/test/java/com/alibaba/json/bvt/path/extract/JSONPath_extract_2_book.java,test_0,13
src/test/java/com/alibaba/json/bvt/path/extract/JSONPath_extract_2_book.java,test_0,14
src/test/java/com/alibaba/json/bvt/path/extract/JSONPath_extract_2_book.java,test_0,15
src/test/java/com/alibaba/json/bvt/path/extract/JSONPath_extract_2_book.java,test_0,16
src/test/java/com/alibaba/json/bvt/path/extract/JSONPath_extract_2_book.java,test_1,18
src/test/java/com/alibaba/json/bvt/path/extract/JSONPath_extract_2_book.java,test_1,19
src/test/java/com/alibaba/json/bvt/path/extract/JSONPath_extract_2_book.java,test_1,20
src/test/java/com/alibaba/json/bvt/path/extract/JSONPath_extract_2_book.java,test_1,21
src/test/java/com/alibaba/json/bvt/path/extract/JSONPath_extract_2_book.java,test_1,22
src/test/java/com/alibaba/json/bvt/path/extract/JSONPath_extract_2_book.java,test_2,24
src/test/java/com/alibaba/json/bvt/path/extract/JSONPath_extract_2_book.java,test_2,25
src/test/java/com/alibaba/json/bvt/path/extract/JSONPath_extract_2_book.java,test_2,26
src/test/java/com/alibaba/json/bvt/path/extract/JSONPath_extract_2_book.java,test_3,28
src/test/java/com/alibaba/json/bvt/path/extract/JSONPath_extract_2_book.java,test_3,29
src/test/java/com/alibaba/json/bvt/path/extract/JSONPath_extract_2_book.java,test_3,30
src/test/java/com/alibaba/json/bvt/path/extract/JSONPath_extract_2_book.java,test_3,31
src/test/java/com/alibaba/json/bvt/path/extract/JSONPath_extract_2_book.java,test_3,32
src/test/java/com/alibaba/json/bvt/path/extract/JSONPath_extract_2_book.java,test_4,34
src/test/java/com/alibaba/json/bvt/path/extract/JSONPath_extract_2_book.java,test_4,35
src/test/java/com/alibaba/json/bvt/path/extract/JSONPath_extract_2_book.java,test_4,36
src/test/java/com/alibaba/json/bvt/path/extract/JSONPath_extract_2_book.java,test_4,37
src/test/java/com/alibaba/json/bvt/path/extract/JSONPath_extract_2_book.java,test_4,38
src/test/java/com/alibaba/json/bvt/path/extract/JSONPath_extract_2_book.java,test_5,40
src/test/java/com/alibaba/json/bvt/path/extract/JSONPath_extract_2_book.java,test_5,41
src/test/java/com/alibaba/json/bvt/path/extract/JSONPath_extract_2_book.java,test_5,42
src/test/java/com/alibaba/json/bvt/path/extract/JSONPath_extract_2_book.java,test_5,43
src/test/java/com/alibaba/json/bvt/path/extract/JSONPath_extract_2_book.java,test_5,44
src/test/java/com/alibaba/json/bvt/path/extract/JSONPath_extract_2_book.java,test_6,46
src/test/java/com/alibaba/json/bvt/path/extract/JSONPath_extract_2_book.java,test_6,47
src/test/java/com/alibaba/json/bvt/path/extract/JSONPath_extract_2_book.java,test_6,48
src/test/java/com/alibaba/json/bvt/path/extract/JSONPath_extract_2_book.java,test_6,49
src/test/java/com/alibaba/json/bvt/path/extract/JSONPath_extract_2_book.java,test_6,50
src/test/java/com/alibaba/json/bvt/path/extract/JSONPath_extract_2_book.java,test_7,52
src/test/java/com/alibaba/json/bvt/path/extract/JSONPath_extract_2_book.java,test_7,53
src/test/java/com/alibaba/json/bvt/path/extract/JSONPath_extract_2_book.java,test_7,54
src/test/java/com/alibaba/json/bvt/path/extract/JSONPath_extract_2_book.java,test_7,55
src/test/java/com/alibaba/json/bvt/path/extract/JSONPath_extract_2_book.java,test_7,56
src/test/java/com/alibaba/json/bvt/path/extract/JSONPath_extract_2_book.java,test_8,58
src/test/java/com/alibaba/json/bvt/path/extract/JSONPath_extract_2_book.java,test_8,59
src/test/java/com/alibaba/json/bvt/path/extract/JSONPath_extract_2_book.java,test_8,60
src/test/java/com/alibaba/json/bvt/path/extract/JSONPath_extract_2_book.java,test_8,61
src/test/java/com/alibaba/json/bvt/path/extract/JSONPath_extract_2_book.java,test_8,62
src/test/java/com/alibaba/json/bvt/path/extract/JSONPath_extract_2_book.java,test_9,64
src/test/java/com/alibaba/json/bvt/path/extract/JSONPath_extract_2_book.java,test_9,65
src/test/java/com/alibaba/json/bvt/path/extract/JSONPath_extract_2_book.java,test_9,66
src/test/java/com/alibaba/json/bvt/path/extract/JSONPath_extract_2_book.java,test_9,67
src/test/java/com/alibaba/json/bvt/path/extract/JSONPath_extract_2_book.java,test_9,68
src/test/java/com/alibaba/json/bvt/path/extract/JSONPath_extract_2_book.java,test_9,69
src/test/java/com/alibaba/json/bvt/path/extract/JSONPath_extract_2_book.java,test_9,70
src/test/java/com/alibaba/json/bvt/path/extract/JSONPath_extract_2_book.java,test_9,71
src/test/java/com/alibaba/json/bvt/path/extract/JSONPath_extract_2_book.java,test_9,72
src/test/java/com/alibaba/json/bvt/path/extract/JSONPath_extract_2_book.java,test_9,73
src/test/java/com/alibaba/json/bvt/path/extract/JSONPath_extract_2_book.java,test_9,74
src/test/java/com/alibaba/json/bvt/path/extract/JSONPath_extract_2_book.java,test_9,75
src/test/java/com/alibaba/json/bvt/path/extract/JSONPath_extract_2_book.java,test_9,76
src/test/java/com/alibaba/json/bvt/path/extract/JSONPath_extract_2_book.java,test_9,77
src/test/java/com/alibaba/json/bvt/path/extract/JSONPath_extract_2_book.java,test_9,78
src/test/java/com/alibaba/json/bvt/path/extract/JSONPath_extract_2_book.java,test_9,79
src/test/java/com/alibaba/json/bvt/path/extract/JSONPath_extract_2_book.java,test_9,80
src/test/java/com/alibaba/json/bvt/path/extract/JSONPath_extract_2_book.java,test_10,84
src/test/java/com/alibaba/json/bvt/path/extract/JSONPath_extract_2_book.java,test_10,85
src/test/java/com/alibaba/json/bvt/path/extract/JSONPath_extract_2_book.java,test_10,86
src/test/java/com/alibaba/json/bvt/path/extract/JSONPath_extract_2_book.java,test_11,88
src/test/java/com/alibaba/json/bvt/path/extract/JSONPath_extract_2_book.java,test_11,89
src/test/java/com/alibaba/json/bvt/path/extract/JSONPath_extract_2_book.java,,84
src/test/java/com/alibaba/json/bvt/path/extract/JSONPath_extract_2_book.java,,85
src/test/java/com/alibaba/json/bvt/path/extract/JSONPath_extract_2_book.java,,86
src/test/java/com/alibaba/json/bvt/path/extract/JSONPath_extract_2_book.java,,87
src/test/java/com/alibaba/json/bvt/path/extract/JSONPath_extract_2_book.java,,88
src/test/java/com/alibaba/json/bvt/path/extract/JSONPath_extract_2_book.java,,89
src/test/java/com/alibaba/json/bvt/path/extract/JSONPath_extract_2_book.java,,1
src/test/java/com/alibaba/json/bvt/path/extract/JSONPath_extract_2_book.java,,2
src/test/java/com/alibaba/json/bvt/path/extract/JSONPath_extract_2_book.java,,3
src/test/java/com/alibaba/json/bvt/path/extract/JSONPath_extract_2_book.java,,4
src/test/java/com/alibaba/json/bvt/path/extract/JSONPath_extract_2_book.java,,5
src/test/java/com/alibaba/json/bvt/path/extract/JSONPath_extract_2_book.java,,6
src/test/java/com/alibaba/json/bvt/path/extract/JSONPath_extract_2_book.java,,7
src/test/java/com/alibaba/json/bvt/path/extract/JSONPath_extract_2_book.java,,8
src/test/java/com/alibaba/json/bvt/path/extract/JSONPath_extract_2_book.java,,9
src/test/java/com/alibaba/json/bvt/path/extract/JSONPath_extract_2_book.java,,10
src/test/java/com/alibaba/json/bvt/path/extract/JSONPath_extract_2_book.java,,11
src/test/java/com/alibaba/json/bvt/path/extract/JSONPath_extract_2_book.java,,12
src/test/java/com/alibaba/json/bvt/path/extract/JSONPath_extract_2_book.java,,13
src/test/java/com/alibaba/json/bvt/path/extract/JSONPath_extract_2_book.java,,14
src/test/java/com/alibaba/json/bvt/path/extract/JSONPath_extract_2_book.java,,15
src/test/java/com/alibaba/json/bvt/path/extract/JSONPath_extract_2_book.java,,16
src/test/java/com/alibaba/json/bvt/path/extract/JSONPath_extract_2_book.java,,17
src/test/java/com/alibaba/json/bvt/path/extract/JSONPath_extract_2_book.java,,18
src/test/java/com/alibaba/json/bvt/path/extract/JSONPath_extract_2_book.java,,19
src/test/java/com/alibaba/json/bvt/path/extract/JSONPath_extract_2_book.java,,20
src/test/java/com/alibaba/json/bvt/path/extract/JSONPath_extract_2_book.java,,21
src/test/java/com/alibaba/json/bvt/path/extract/JSONPath_extract_2_book.java,,22
src/test/java/com/alibaba/json/bvt/path/extract/JSONPath_extract_2_book.java,,23
src/test/java/com/alibaba/json/bvt/path/extract/JSONPath_extract_2_book.java,,24
src/test/java/com/alibaba/json/bvt/path/extract/JSONPath_extract_2_book.java,,25
src/test/java/com/alibaba/json/bvt/path/extract/JSONPath_extract_2_book.java,,26
src/test/java/com/alibaba/json/bvt/path/extract/JSONPath_extract_2_book.java,,27
src/test/java/com/alibaba/json/bvt/path/extract/JSONPath_extract_2_book.java,,28
src/test/java/com/alibaba/json/bvt/path/extract/JSONPath_extract_2_book.java,,29
src/test/java/com/alibaba/json/bvt/path/extract/JSONPath_extract_2_book.java,,30
src/test/java/com/alibaba/json/bvt/path/extract/JSONPath_extract_2_book.java,,31
src/test/java/com/alibaba/json/bvt/path/extract/JSONPath_extract_2_book.java,,32
src/test/java/com/alibaba/json/bvt/path/extract/JSONPath_extract_2_book.java,,33
src/test/java/com/alibaba/json/bvt/path/extract/JSONPath_extract_2_book.java,,34
src/test/java/com/alibaba/json/bvt/path/extract/JSONPath_extract_2_book.java,,35
src/test/java/com/alibaba/json/bvt/path/extract/JSONPath_extract_2_book.java,,36
src/test/java/com/alibaba/json/bvt/path/extract/JSONPath_extract_2_book.java,,37
src/test/java/com/alibaba/json/bvt/path/extract/JSONPath_extract_2_book.java,,38
src/test/java/com/alibaba/json/bvt/path/extract/JSONPath_extract_2_book.java,,39
src/test/java/com/alibaba/json/bvt/path/extract/JSONPath_extract_2_book.java,,40
src/test/java/com/alibaba/json/bvt/path/extract/JSONPath_extract_2_book.java,,41
src/test/java/com/alibaba/json/bvt/path/extract/JSONPath_extract_2_book.java,,42
src/test/java/com/alibaba/json/bvt/path/extract/JSONPath_extract_2_book.java,,43
src/test/java/com/alibaba/json/bvt/path/extract/JSONPath_extract_2_book.java,,44
src/test/java/com/alibaba/json/bvt/path/extract/JSONPath_extract_2_book.java,,45
src/test/java/com/alibaba/json/bvt/path/extract/JSONPath_extract_2_book.java,,46
src/test/java/com/alibaba/json/bvt/path/extract/JSONPath_extract_2_book.java,,47
src/test/java/com/alibaba/json/bvt/path/extract/JSONPath_extract_2_book.java,,48
src/test/java/com/alibaba/json/bvt/path/extract/JSONPath_extract_2_book.java,,49
src/test/java/com/alibaba/json/bvt/path/extract/JSONPath_extract_2_book.java,,50
src/test/java/com/alibaba/json/bvt/path/extract/JSONPath_extract_2_book.java,,51
src/test/java/com/alibaba/json/bvt/path/extract/JSONPath_extract_2_book.java,,52
src/test/java/com/alibaba/json/bvt/path/extract/JSONPath_extract_2_book.java,,53
src/test/java/com/alibaba/json/bvt/path/extract/JSONPath_extract_2_book.java,,54
src/test/java/com/alibaba/json/bvt/path/extract/JSONPath_extract_2_book.java,,55
src/test/java/com/alibaba/json/bvt/path/extract/JSONPath_extract_2_book.java,,56
src/test/java/com/alibaba/json/bvt/path/extract/JSONPath_extract_2_book.java,,57
src/test/java/com/alibaba/json/bvt/path/extract/JSONPath_extract_2_book.java,,58
src/test/java/com/alibaba/json/bvt/path/extract/JSONPath_extract_2_book.java,,59
src/test/java/com/alibaba/json/bvt/path/extract/JSONPath_extract_2_book.java,,60
src/test/java/com/alibaba/json/bvt/path/extract/JSONPath_extract_2_book.java,,61
src/test/java/com/alibaba/json/bvt/path/extract/JSONPath_extract_2_book.java,,62
src/test/java/com/alibaba/json/bvt/path/extract/JSONPath_extract_2_book.java,,63
src/test/java/com/alibaba/json/bvt/path/extract/JSONPath_extract_2_book.java,,64
src/test/java/com/alibaba/json/bvt/path/extract/JSONPath_extract_2_book.java,,65
src/test/java/com/alibaba/json/bvt/path/extract/JSONPath_extract_2_book.java,,66
src/test/java/com/alibaba/json/bvt/path/extract/JSONPath_extract_2_book.java,,67
src/test/java/com/alibaba/json/bvt/path/extract/JSONPath_extract_2_book.java,,68
src/test/java/com/alibaba/json/bvt/path/extract/JSONPath_extract_2_book.java,,69
src/test/java/com/alibaba/json/bvt/path/extract/JSONPath_extract_2_book.java,,70
src/test/java/com/alibaba/json/bvt/path/extract/JSONPath_extract_2_book.java,,71
src/test/java/com/alibaba/json/bvt/path/extract/JSONPath_extract_2_book.java,,72
src/test/java/com/alibaba/json/bvt/path/extract/JSONPath_extract_2_book.java,,73
src/test/java/com/alibaba/json/bvt/path/extract/JSONPath_extract_2_book.java,,74
src/test/java/com/alibaba/json/bvt/path/extract/JSONPath_extract_2_book.java,,75
src/test/java/com/alibaba/json/bvt/path/extract/JSONPath_extract_2_book.java,,76
src/test/java/com/alibaba/json/bvt/path/extract/JSONPath_extract_2_book.java,,77
src/test/java/com/alibaba/json/bvt/path/extract/JSONPath_extract_2_book.java,,78
src/test/java/com/alibaba/json/bvt/path/extract/JSONPath_extract_2_book.java,,79
src/test/java/com/alibaba/json/bvt/path/extract/JSONPath_extract_2_book.java,,80
src/test/java/com/alibaba/json/bvt/path/extract/JSONPath_extract_2_book.java,,81
