bug,class,method,line
66,com.google.javascript.jscomp.AbstractCompiler,<clinit>,36
66,com.google.javascript.jscomp.AbstractCompiler,<init>,35
66,com.google.javascript.jscomp.AbstractCompiler,<init>,39
66,com.google.javascript.jscomp.AbstractCompiler,<init>,259
66,com.google.javascript.jscomp.AbstractCompiler$LifeCycleStage,<clinit>,259
66,com.google.javascript.jscomp.AbstractCompiler$LifeCycleStage,<clinit>,260
66,com.google.javascript.jscomp.AbstractCompiler$LifeCycleStage,<clinit>,263
66,com.google.javascript.jscomp.AbstractCompiler$LifeCycleStage,<clinit>,268
66,com.google.javascript.jscomp.AbstractMessageFormatter,<clinit>,47
66,com.google.javascript.jscomp.AbstractMessageFormatter,<init>,32
66,com.google.javascript.jscomp.AbstractMessageFormatter,<init>,33
66,com.google.javascript.jscomp.AbstractMessageFormatter,<init>,34
66,com.google.javascript.jscomp.AbstractMessageFormatter,setColorize,37
66,com.google.javascript.jscomp.AbstractMessageFormatter,setColorize,38
66,com.google.javascript.jscomp.AnonymousFunctionNamingPolicy,<clinit>,23
66,com.google.javascript.jscomp.AnonymousFunctionNamingPolicy,<clinit>,26
66,com.google.javascript.jscomp.AnonymousFunctionNamingPolicy,<clinit>,34
66,com.google.javascript.jscomp.AnonymousFunctionNamingPolicy,<clinit>,42
66,com.google.javascript.jscomp.AnonymousFunctionNamingPolicy,<init>,47
66,com.google.javascript.jscomp.AnonymousFunctionNamingPolicy,<init>,48
66,com.google.javascript.jscomp.AnonymousFunctionNamingPolicy,<init>,49
66,com.google.javascript.jscomp.BasicErrorManager,<init>,37
66,com.google.javascript.jscomp.BasicErrorManager,<init>,38
66,com.google.javascript.jscomp.BasicErrorManager,<init>,40
66,com.google.javascript.jscomp.BasicErrorManager,<init>,41
66,com.google.javascript.jscomp.BasicErrorManager,<init>,42
66,com.google.javascript.jscomp.BasicErrorManager,<init>,173
66,com.google.javascript.jscomp.BasicErrorManager,getErrorCount,73
66,com.google.javascript.jscomp.BasicErrorManager,getErrors,81
66,com.google.javascript.jscomp.BasicErrorManager,getWarnings,85
66,com.google.javascript.jscomp.BasicErrorManager,toArray,97
66,com.google.javascript.jscomp.BasicErrorManager,toArray,98
66,com.google.javascript.jscomp.BasicErrorManager,toArray,103
66,com.google.javascript.jscomp.BasicErrorManager$LeveledJSErrorComparator,compare,115
66,com.google.javascript.jscomp.ChainableReverseAbstractInterpreter,<init>,61
66,com.google.javascript.jscomp.ChainableReverseAbstractInterpreter,<init>,62
66,com.google.javascript.jscomp.ChainableReverseAbstractInterpreter,<init>,63
66,com.google.javascript.jscomp.ChainableReverseAbstractInterpreter,<init>,64
66,com.google.javascript.jscomp.ChainableReverseAbstractInterpreter,<init>,65
66,com.google.javascript.jscomp.ChainableReverseAbstractInterpreter,<init>,66
66,com.google.javascript.jscomp.ChainableReverseAbstractInterpreter,<init>,67
66,com.google.javascript.jscomp.ChainableReverseAbstractInterpreter,<init>,179
66,com.google.javascript.jscomp.ChainableReverseAbstractInterpreter,<init>,244
66,com.google.javascript.jscomp.ChainableReverseAbstractInterpreter$1,caseNoType,180
66,com.google.javascript.jscomp.ChainableReverseAbstractInterpreter$2,caseNoType,245
66,com.google.javascript.jscomp.CheckAccessControls,<clinit>,50
66,com.google.javascript.jscomp.CheckAccessControls,<clinit>,54
66,com.google.javascript.jscomp.CheckAccessControls,<clinit>,58
66,com.google.javascript.jscomp.CheckAccessControls,<clinit>,62
66,com.google.javascript.jscomp.CheckAccessControls,<clinit>,66
66,com.google.javascript.jscomp.CheckAccessControls,<clinit>,70
66,com.google.javascript.jscomp.CheckAccessControls,<clinit>,74
66,com.google.javascript.jscomp.CheckAccessControls,<clinit>,79
66,com.google.javascript.jscomp.CheckAccessControls,<clinit>,84
66,com.google.javascript.jscomp.CheckAccessControls,<clinit>,89
66,com.google.javascript.jscomp.CheckAccessControls,<clinit>,94
66,com.google.javascript.jscomp.CheckGlobalNames,<clinit>,39
66,com.google.javascript.jscomp.CheckGlobalNames,<clinit>,43
66,com.google.javascript.jscomp.CheckLevel,<clinit>,24
66,com.google.javascript.jscomp.CheckLevel,<clinit>,25
66,com.google.javascript.jscomp.CheckLevel,<clinit>,26
66,com.google.javascript.jscomp.CheckLevel,<clinit>,27
66,com.google.javascript.jscomp.CheckLevel,isOn,30
66,com.google.javascript.jscomp.CheckRegExp,<clinit>,30
66,com.google.javascript.jscomp.CheckSideEffects,<clinit>,37
66,com.google.javascript.jscomp.CheckUnreachableCode,<clinit>,36
66,com.google.javascript.jscomp.ClosureCodingConvention,<clinit>,44
66,com.google.javascript.jscomp.ClosureCodingConvention,<init>,38
66,com.google.javascript.jscomp.ClosureCodingConvention,<init>,286
66,com.google.javascript.jscomp.ClosureCodingConvention,getAssertionFunctions,341
66,com.google.javascript.jscomp.CodeChangeHandler$RecentChange,<init>,35
66,com.google.javascript.jscomp.CodeChangeHandler$RecentChange,<init>,36
66,com.google.javascript.jscomp.CodeChangeHandler$RecentChange,hasCodeChanged,43
66,com.google.javascript.jscomp.CodingConvention$AssertionFunctionSpec,<init>,315
66,com.google.javascript.jscomp.CodingConvention$AssertionFunctionSpec,<init>,316
66,com.google.javascript.jscomp.CodingConvention$AssertionFunctionSpec,<init>,319
66,com.google.javascript.jscomp.CodingConvention$AssertionFunctionSpec,<init>,320
66,com.google.javascript.jscomp.CodingConvention$AssertionFunctionSpec,<init>,321
66,com.google.javascript.jscomp.CodingConvention$AssertionFunctionSpec,<init>,322
66,com.google.javascript.jscomp.CodingConvention$AssertionFunctionSpec,getFunctionName,326
66,com.google.javascript.jscomp.Compiler,<init>,178
66,com.google.javascript.jscomp.Compiler,<init>,179
66,com.google.javascript.jscomp.Compiler,<init>,77
66,com.google.javascript.jscomp.Compiler,<init>,79
66,com.google.javascript.jscomp.Compiler,<init>,111
66,com.google.javascript.jscomp.Compiler,<init>,117
66,com.google.javascript.jscomp.Compiler,<init>,120
66,com.google.javascript.jscomp.Compiler,<init>,126
66,com.google.javascript.jscomp.Compiler,<init>,132
66,com.google.javascript.jscomp.Compiler,<init>,135
66,com.google.javascript.jscomp.Compiler,<init>,138
66,com.google.javascript.jscomp.Compiler,<init>,146
66,com.google.javascript.jscomp.Compiler,<init>,150
66,com.google.javascript.jscomp.Compiler,<init>,185
66,com.google.javascript.jscomp.Compiler,<init>,186
66,com.google.javascript.jscomp.Compiler,<init>,187
66,com.google.javascript.jscomp.Compiler,<init>,188
66,com.google.javascript.jscomp.Compiler,<init>,741
66,com.google.javascript.jscomp.Compiler,<init>,803
66,com.google.javascript.jscomp.Compiler,<init>,804
66,com.google.javascript.jscomp.Compiler,<init>,1590
66,com.google.javascript.jscomp.Compiler,<init>,1592
66,com.google.javascript.jscomp.Compiler,checkFirstModule,361
66,com.google.javascript.jscomp.Compiler,checkFirstModule,363
66,com.google.javascript.jscomp.Compiler,checkFirstModule,368
66,com.google.javascript.jscomp.Compiler,createMessageFormatter,214
66,com.google.javascript.jscomp.Compiler,createMessageFormatter,215
66,com.google.javascript.jscomp.Compiler,fillEmptyModules,375
66,com.google.javascript.jscomp.Compiler,fillEmptyModules,376
66,com.google.javascript.jscomp.Compiler,fillEmptyModules,379
66,com.google.javascript.jscomp.Compiler,fillEmptyModules,380
66,com.google.javascript.jscomp.Compiler,getAllInputsFromModules,398
66,com.google.javascript.jscomp.Compiler,getAllInputsFromModules,399
66,com.google.javascript.jscomp.Compiler,getAllInputsFromModules,400
66,com.google.javascript.jscomp.Compiler,getAllInputsFromModules,401
66,com.google.javascript.jscomp.Compiler,getAllInputsFromModules,402
66,com.google.javascript.jscomp.Compiler,getAllInputsFromModules,407
66,com.google.javascript.jscomp.Compiler,getAllInputsFromModules,408
66,com.google.javascript.jscomp.Compiler,getAllInputsFromModules,409
66,com.google.javascript.jscomp.Compiler,getAllInputsFromModules,410
66,com.google.javascript.jscomp.Compiler,getAllInputsFromModules,411
66,com.google.javascript.jscomp.Compiler,getErrors,870
66,com.google.javascript.jscomp.Compiler,getInput,933
66,com.google.javascript.jscomp.Compiler,getTypeRegistry,1002
66,com.google.javascript.jscomp.Compiler,getTypeRegistry,1003
66,com.google.javascript.jscomp.Compiler,getTypeRegistry,1005
66,com.google.javascript.jscomp.Compiler,getTypeValidator,1036
66,com.google.javascript.jscomp.Compiler,getTypeValidator,1037
66,com.google.javascript.jscomp.Compiler,getTypeValidator,1039
66,com.google.javascript.jscomp.Compiler,getWarnings,877
66,com.google.javascript.jscomp.Compiler,init,274
66,com.google.javascript.jscomp.Compiler,init,275
66,com.google.javascript.jscomp.Compiler,init,276
66,com.google.javascript.jscomp.Compiler,init,277
66,com.google.javascript.jscomp.Compiler,init,279
66,com.google.javascript.jscomp.Compiler,init,280
66,com.google.javascript.jscomp.Compiler,initBasedOnOptions,334
66,com.google.javascript.jscomp.Compiler,initBasedOnOptions,337
66,com.google.javascript.jscomp.Compiler,initInputsByNameMap,425
66,com.google.javascript.jscomp.Compiler,initInputsByNameMap,426
66,com.google.javascript.jscomp.Compiler,initInputsByNameMap,427
66,com.google.javascript.jscomp.Compiler,initInputsByNameMap,428
66,com.google.javascript.jscomp.Compiler,initInputsByNameMap,429
66,com.google.javascript.jscomp.Compiler,initInputsByNameMap,433
66,com.google.javascript.jscomp.Compiler,initInputsByNameMap,434
66,com.google.javascript.jscomp.Compiler,initInputsByNameMap,435
66,com.google.javascript.jscomp.Compiler,initInputsByNameMap,436
66,com.google.javascript.jscomp.Compiler,initInputsByNameMap,437
66,com.google.javascript.jscomp.Compiler,initInputsByNameMap,441
66,com.google.javascript.jscomp.Compiler,initInputsByNameMap,442
66,com.google.javascript.jscomp.Compiler,initModules,299
66,com.google.javascript.jscomp.Compiler,initModules,301
66,com.google.javascript.jscomp.Compiler,initModules,302
66,com.google.javascript.jscomp.Compiler,initModules,304
66,com.google.javascript.jscomp.Compiler,initModules,308
66,com.google.javascript.jscomp.Compiler,initModules,309
66,com.google.javascript.jscomp.Compiler,initModules,320
66,com.google.javascript.jscomp.Compiler,initModules,323
66,com.google.javascript.jscomp.Compiler,initModules,324
66,com.google.javascript.jscomp.Compiler,initModules,326
66,com.google.javascript.jscomp.Compiler,initModules,327
66,com.google.javascript.jscomp.Compiler,initOptions,223
66,com.google.javascript.jscomp.Compiler,initOptions,224
66,com.google.javascript.jscomp.Compiler,initOptions,225
66,com.google.javascript.jscomp.Compiler,initOptions,226
66,com.google.javascript.jscomp.Compiler,initOptions,237
66,com.google.javascript.jscomp.Compiler,initOptions,238
66,com.google.javascript.jscomp.Compiler,initOptions,241
66,com.google.javascript.jscomp.Compiler,initOptions,242
66,com.google.javascript.jscomp.Compiler,initOptions,243
66,com.google.javascript.jscomp.Compiler,initOptions,251
66,com.google.javascript.jscomp.Compiler,initOptions,254
66,com.google.javascript.jscomp.Compiler,initOptions,257
66,com.google.javascript.jscomp.Compiler,initOptions,258
66,com.google.javascript.jscomp.Compiler,makeCompilerInput,341
66,com.google.javascript.jscomp.Compiler,makeCompilerInput,342
66,com.google.javascript.jscomp.Compiler,makeCompilerInput,343
66,com.google.javascript.jscomp.Compiler,makeCompilerInput,344
66,com.google.javascript.jscomp.Compiler,makeCompilerInput,345
66,com.google.javascript.jscomp.Compiler,newTracer,833
66,com.google.javascript.jscomp.Compiler,newTracer,835
66,com.google.javascript.jscomp.Compiler,newTracer,838
66,com.google.javascript.jscomp.Compiler,setErrorManager,204
66,com.google.javascript.jscomp.Compiler,setErrorManager,206
66,com.google.javascript.jscomp.Compiler,setErrorManager,207
66,com.google.javascript.jscomp.Compiler,stopTracer,842
66,com.google.javascript.jscomp.Compiler,stopTracer,843
66,com.google.javascript.jscomp.Compiler,stopTracer,846
66,com.google.javascript.jscomp.Compiler$3,<init>,742
66,com.google.javascript.jscomp.CompilerInput,<init>,78
66,com.google.javascript.jscomp.CompilerInput,<init>,79
66,com.google.javascript.jscomp.CompilerInput,<init>,52
66,com.google.javascript.jscomp.CompilerInput,<init>,53
66,com.google.javascript.jscomp.CompilerInput,<init>,54
66,com.google.javascript.jscomp.CompilerInput,<init>,81
66,com.google.javascript.jscomp.CompilerInput,<init>,82
66,com.google.javascript.jscomp.CompilerInput,<init>,83
66,com.google.javascript.jscomp.CompilerInput,<init>,84
66,com.google.javascript.jscomp.CompilerInput,<init>,85
66,com.google.javascript.jscomp.CompilerInput,getAstRoot,102
66,com.google.javascript.jscomp.CompilerInput,getName,90
66,com.google.javascript.jscomp.CompilerInput,isExtern,294
66,com.google.javascript.jscomp.CompilerInput,setModule,288
66,com.google.javascript.jscomp.CompilerInput,setModule,290
66,com.google.javascript.jscomp.CompilerInput,setModule,291
66,com.google.javascript.jscomp.CompilerOptions,<init>,82
66,com.google.javascript.jscomp.CompilerOptions,<init>,83
66,com.google.javascript.jscomp.CompilerOptions,<init>,87
66,com.google.javascript.jscomp.CompilerOptions,<init>,567
66,com.google.javascript.jscomp.CompilerOptions,<init>,582
66,com.google.javascript.jscomp.CompilerOptions,<init>,611
66,com.google.javascript.jscomp.CompilerOptions,<init>,615
66,com.google.javascript.jscomp.CompilerOptions,<init>,635
66,com.google.javascript.jscomp.CompilerOptions,<init>,637
66,com.google.javascript.jscomp.CompilerOptions,<init>,640
66,com.google.javascript.jscomp.CompilerOptions,<init>,641
66,com.google.javascript.jscomp.CompilerOptions,<init>,642
66,com.google.javascript.jscomp.CompilerOptions,<init>,643
66,com.google.javascript.jscomp.CompilerOptions,<init>,644
66,com.google.javascript.jscomp.CompilerOptions,<init>,645
66,com.google.javascript.jscomp.CompilerOptions,<init>,646
66,com.google.javascript.jscomp.CompilerOptions,<init>,647
66,com.google.javascript.jscomp.CompilerOptions,<init>,648
66,com.google.javascript.jscomp.CompilerOptions,<init>,649
66,com.google.javascript.jscomp.CompilerOptions,<init>,650
66,com.google.javascript.jscomp.CompilerOptions,<init>,651
66,com.google.javascript.jscomp.CompilerOptions,<init>,652
66,com.google.javascript.jscomp.CompilerOptions,<init>,653
66,com.google.javascript.jscomp.CompilerOptions,<init>,654
66,com.google.javascript.jscomp.CompilerOptions,<init>,655
66,com.google.javascript.jscomp.CompilerOptions,<init>,656
66,com.google.javascript.jscomp.CompilerOptions,<init>,657
66,com.google.javascript.jscomp.CompilerOptions,<init>,658
66,com.google.javascript.jscomp.CompilerOptions,<init>,659
66,com.google.javascript.jscomp.CompilerOptions,<init>,660
66,com.google.javascript.jscomp.CompilerOptions,<init>,661
66,com.google.javascript.jscomp.CompilerOptions,<init>,662
66,com.google.javascript.jscomp.CompilerOptions,<init>,663
66,com.google.javascript.jscomp.CompilerOptions,<init>,664
66,com.google.javascript.jscomp.CompilerOptions,<init>,665
66,com.google.javascript.jscomp.CompilerOptions,<init>,666
66,com.google.javascript.jscomp.CompilerOptions,<init>,667
66,com.google.javascript.jscomp.CompilerOptions,<init>,668
66,com.google.javascript.jscomp.CompilerOptions,<init>,669
66,com.google.javascript.jscomp.CompilerOptions,<init>,670
66,com.google.javascript.jscomp.CompilerOptions,<init>,671
66,com.google.javascript.jscomp.CompilerOptions,<init>,672
66,com.google.javascript.jscomp.CompilerOptions,<init>,673
66,com.google.javascript.jscomp.CompilerOptions,<init>,676
66,com.google.javascript.jscomp.CompilerOptions,<init>,677
66,com.google.javascript.jscomp.CompilerOptions,<init>,678
66,com.google.javascript.jscomp.CompilerOptions,<init>,679
66,com.google.javascript.jscomp.CompilerOptions,<init>,680
66,com.google.javascript.jscomp.CompilerOptions,<init>,681
66,com.google.javascript.jscomp.CompilerOptions,<init>,682
66,com.google.javascript.jscomp.CompilerOptions,<init>,683
66,com.google.javascript.jscomp.CompilerOptions,<init>,684
66,com.google.javascript.jscomp.CompilerOptions,<init>,685
66,com.google.javascript.jscomp.CompilerOptions,<init>,686
66,com.google.javascript.jscomp.CompilerOptions,<init>,687
66,com.google.javascript.jscomp.CompilerOptions,<init>,688
66,com.google.javascript.jscomp.CompilerOptions,<init>,689
66,com.google.javascript.jscomp.CompilerOptions,<init>,690
66,com.google.javascript.jscomp.CompilerOptions,<init>,691
66,com.google.javascript.jscomp.CompilerOptions,<init>,692
66,com.google.javascript.jscomp.CompilerOptions,<init>,693
66,com.google.javascript.jscomp.CompilerOptions,<init>,694
66,com.google.javascript.jscomp.CompilerOptions,<init>,695
66,com.google.javascript.jscomp.CompilerOptions,<init>,696
66,com.google.javascript.jscomp.CompilerOptions,<init>,697
66,com.google.javascript.jscomp.CompilerOptions,<init>,698
66,com.google.javascript.jscomp.CompilerOptions,<init>,699
66,com.google.javascript.jscomp.CompilerOptions,<init>,700
66,com.google.javascript.jscomp.CompilerOptions,<init>,701
66,com.google.javascript.jscomp.CompilerOptions,<init>,702
66,com.google.javascript.jscomp.CompilerOptions,<init>,703
66,com.google.javascript.jscomp.CompilerOptions,<init>,704
66,com.google.javascript.jscomp.CompilerOptions,<init>,705
66,com.google.javascript.jscomp.CompilerOptions,<init>,708
66,com.google.javascript.jscomp.CompilerOptions,<init>,709
66,com.google.javascript.jscomp.CompilerOptions,<init>,710
66,com.google.javascript.jscomp.CompilerOptions,<init>,711
66,com.google.javascript.jscomp.CompilerOptions,<init>,712
66,com.google.javascript.jscomp.CompilerOptions,<init>,713
66,com.google.javascript.jscomp.CompilerOptions,<init>,714
66,com.google.javascript.jscomp.CompilerOptions,<init>,715
66,com.google.javascript.jscomp.CompilerOptions,<init>,716
66,com.google.javascript.jscomp.CompilerOptions,<init>,717
66,com.google.javascript.jscomp.CompilerOptions,<init>,718
66,com.google.javascript.jscomp.CompilerOptions,<init>,719
66,com.google.javascript.jscomp.CompilerOptions,<init>,720
66,com.google.javascript.jscomp.CompilerOptions,<init>,723
66,com.google.javascript.jscomp.CompilerOptions,<init>,724
66,com.google.javascript.jscomp.CompilerOptions,<init>,725
66,com.google.javascript.jscomp.CompilerOptions,<init>,726
66,com.google.javascript.jscomp.CompilerOptions,<init>,727
66,com.google.javascript.jscomp.CompilerOptions,<init>,728
66,com.google.javascript.jscomp.CompilerOptions,<init>,729
66,com.google.javascript.jscomp.CompilerOptions,<init>,730
66,com.google.javascript.jscomp.CompilerOptions,<init>,731
66,com.google.javascript.jscomp.CompilerOptions,<init>,732
66,com.google.javascript.jscomp.CompilerOptions,<init>,733
66,com.google.javascript.jscomp.CompilerOptions,<init>,734
66,com.google.javascript.jscomp.CompilerOptions,<init>,735
66,com.google.javascript.jscomp.CompilerOptions,<init>,736
66,com.google.javascript.jscomp.CompilerOptions,<init>,737
66,com.google.javascript.jscomp.CompilerOptions,<init>,738
66,com.google.javascript.jscomp.CompilerOptions,<init>,739
66,com.google.javascript.jscomp.CompilerOptions,<init>,740
66,com.google.javascript.jscomp.CompilerOptions,<init>,741
66,com.google.javascript.jscomp.CompilerOptions,<init>,742
66,com.google.javascript.jscomp.CompilerOptions,<init>,743
66,com.google.javascript.jscomp.CompilerOptions,<init>,744
66,com.google.javascript.jscomp.CompilerOptions,<init>,745
66,com.google.javascript.jscomp.CompilerOptions,<init>,746
66,com.google.javascript.jscomp.CompilerOptions,<init>,747
66,com.google.javascript.jscomp.CompilerOptions,<init>,748
66,com.google.javascript.jscomp.CompilerOptions,<init>,749
66,com.google.javascript.jscomp.CompilerOptions,<init>,750
66,com.google.javascript.jscomp.CompilerOptions,<init>,751
66,com.google.javascript.jscomp.CompilerOptions,<init>,752
66,com.google.javascript.jscomp.CompilerOptions,<init>,753
66,com.google.javascript.jscomp.CompilerOptions,<init>,754
66,com.google.javascript.jscomp.CompilerOptions,<init>,755
66,com.google.javascript.jscomp.CompilerOptions,<init>,756
66,com.google.javascript.jscomp.CompilerOptions,<init>,759
66,com.google.javascript.jscomp.CompilerOptions,<init>,760
66,com.google.javascript.jscomp.CompilerOptions,<init>,761
66,com.google.javascript.jscomp.CompilerOptions,<init>,762
66,com.google.javascript.jscomp.CompilerOptions,<init>,763
66,com.google.javascript.jscomp.CompilerOptions,<init>,764
66,com.google.javascript.jscomp.CompilerOptions,<init>,765
66,com.google.javascript.jscomp.CompilerOptions,<init>,766
66,com.google.javascript.jscomp.CompilerOptions,<init>,767
66,com.google.javascript.jscomp.CompilerOptions,<init>,768
66,com.google.javascript.jscomp.CompilerOptions,<init>,769
66,com.google.javascript.jscomp.CompilerOptions,<init>,770
66,com.google.javascript.jscomp.CompilerOptions,<init>,771
66,com.google.javascript.jscomp.CompilerOptions,<init>,772
66,com.google.javascript.jscomp.CompilerOptions,addWarningsGuard,914
66,com.google.javascript.jscomp.CompilerOptions,addWarningsGuard,915
66,com.google.javascript.jscomp.CompilerOptions,addWarningsGuard,919
66,com.google.javascript.jscomp.CompilerOptions,getCodingConvention,1019
66,com.google.javascript.jscomp.CompilerOptions,getWarningsGuard,907
66,com.google.javascript.jscomp.CompilerOptions,setCodingConvention,1015
66,com.google.javascript.jscomp.CompilerOptions,setCodingConvention,1016
66,com.google.javascript.jscomp.CompilerOptions,setWarningLevel,903
66,com.google.javascript.jscomp.CompilerOptions,setWarningLevel,904
66,com.google.javascript.jscomp.CompilerOptions,shouldColorizeErrorOutput,989
66,com.google.javascript.jscomp.CompilerOptions$DevMode,<clinit>,1117
66,com.google.javascript.jscomp.CompilerOptions$DevMode,<clinit>,1121
66,com.google.javascript.jscomp.CompilerOptions$DevMode,<clinit>,1126
66,com.google.javascript.jscomp.CompilerOptions$DevMode,<clinit>,1131
66,com.google.javascript.jscomp.CompilerOptions$DevMode,<clinit>,1136
66,com.google.javascript.jscomp.CompilerOptions$LanguageMode,<clinit>,1104
66,com.google.javascript.jscomp.CompilerOptions$LanguageMode,<clinit>,1108
66,com.google.javascript.jscomp.CompilerOptions$LanguageMode,<clinit>,1113
66,com.google.javascript.jscomp.CompilerOptions$TracerMode,<clinit>,1139
66,com.google.javascript.jscomp.CompilerOptions$TracerMode,<clinit>,1140
66,com.google.javascript.jscomp.CompilerOptions$TracerMode,<clinit>,1141
66,com.google.javascript.jscomp.CompilerOptions$TracerMode,<clinit>,1142
66,com.google.javascript.jscomp.CompilerOptions$TracerMode,isOn,1145
66,com.google.javascript.jscomp.CompilerOptions$TweakProcessing,<clinit>,1149
66,com.google.javascript.jscomp.CompilerOptions$TweakProcessing,<clinit>,1150
66,com.google.javascript.jscomp.CompilerOptions$TweakProcessing,<clinit>,1151
66,com.google.javascript.jscomp.CompilerOptions$TweakProcessing,<clinit>,1152
66,com.google.javascript.jscomp.ComposeWarningsGuard,<clinit>,38
66,com.google.javascript.jscomp.ComposeWarningsGuard,<init>,46
66,com.google.javascript.jscomp.ComposeWarningsGuard,<init>,47
66,com.google.javascript.jscomp.ComposeWarningsGuard,<init>,48
66,com.google.javascript.jscomp.ComposeWarningsGuard,<init>,49
66,com.google.javascript.jscomp.ComposeWarningsGuard,<init>,52
66,com.google.javascript.jscomp.ComposeWarningsGuard,<init>,53
66,com.google.javascript.jscomp.ComposeWarningsGuard,addGuard,56
66,com.google.javascript.jscomp.ComposeWarningsGuard,addGuard,58
66,com.google.javascript.jscomp.ComposeWarningsGuard,addGuard,60
66,com.google.javascript.jscomp.ComposeWarningsGuard,addGuard,61
66,com.google.javascript.jscomp.ComposeWarningsGuard,addGuard,62
66,com.google.javascript.jscomp.ComposeWarningsGuard,addGuard,64
66,com.google.javascript.jscomp.ComposeWarningsGuard,addGuard,66
66,com.google.javascript.jscomp.ComposeWarningsGuard,addGuards,69
66,com.google.javascript.jscomp.ComposeWarningsGuard,addGuards,70
66,com.google.javascript.jscomp.ComposeWarningsGuard,addGuards,71
66,com.google.javascript.jscomp.ComposeWarningsGuard,addGuards,72
66,com.google.javascript.jscomp.ComposeWarningsGuard,disables,88
66,com.google.javascript.jscomp.ComposeWarningsGuard,disables,89
66,com.google.javascript.jscomp.ComposeWarningsGuard,disables,91
66,com.google.javascript.jscomp.ComposeWarningsGuard,disables,92
66,com.google.javascript.jscomp.ComposeWarningsGuard,disables,94
66,com.google.javascript.jscomp.ComposeWarningsGuard,disables,97
66,com.google.javascript.jscomp.ComposeWarningsGuard,disables,99
66,com.google.javascript.jscomp.ComposeWarningsGuard$1,compare,42
66,com.google.javascript.jscomp.ComposeWarningsGuard$1,compare,39
66,com.google.javascript.jscomp.ControlFlowAnalysis,<init>,70
66,com.google.javascript.jscomp.ControlFlowAnalysis,<init>,95
66,com.google.javascript.jscomp.ControlFlowAnalysis,<init>,126
66,com.google.javascript.jscomp.ControlFlowAnalysis,<init>,138
66,com.google.javascript.jscomp.ControlFlowAnalysis,<init>,139
66,com.google.javascript.jscomp.ControlFlowAnalysis,<init>,140
66,com.google.javascript.jscomp.ControlFlowAnalysis,<init>,141
66,com.google.javascript.jscomp.ControlFlowAnalysis,<init>,142
66,com.google.javascript.jscomp.ControlFlowAnalysis,computeFallThrough,780
66,com.google.javascript.jscomp.ControlFlowAnalysis,computeFallThrough,791
66,com.google.javascript.jscomp.ControlFlowAnalysis,computeFollowNode,658
66,com.google.javascript.jscomp.ControlFlowAnalysis,computeFollowNode,695
66,com.google.javascript.jscomp.ControlFlowAnalysis,computeFollowNode,696
66,com.google.javascript.jscomp.ControlFlowAnalysis,computeFollowNode,698
66,com.google.javascript.jscomp.ControlFlowAnalysis,computeFollowNode,702
66,com.google.javascript.jscomp.ControlFlowAnalysis,computeFollowNode,759
66,com.google.javascript.jscomp.ControlFlowAnalysis,computeFollowNode,762
66,com.google.javascript.jscomp.ControlFlowAnalysis,computeFollowNode,763
66,com.google.javascript.jscomp.ControlFlowAnalysis,computeFollowNode,766
66,com.google.javascript.jscomp.ControlFlowAnalysis,computeFollowNode,767
66,com.google.javascript.jscomp.ControlFlowAnalysis,computeFollowNode,770
66,com.google.javascript.jscomp.ControlFlowAnalysis,connectToPossibleExceptionHandler,814
66,com.google.javascript.jscomp.ControlFlowAnalysis,connectToPossibleExceptionHandler,840
66,com.google.javascript.jscomp.ControlFlowAnalysis,createEdge,803
66,com.google.javascript.jscomp.ControlFlowAnalysis,createEdge,804
66,com.google.javascript.jscomp.ControlFlowAnalysis,createEdge,805
66,com.google.javascript.jscomp.ControlFlowAnalysis,createEdge,806
66,com.google.javascript.jscomp.ControlFlowAnalysis,getCfg,145
66,com.google.javascript.jscomp.ControlFlowAnalysis,handleExpr,533
66,com.google.javascript.jscomp.ControlFlowAnalysis,handleExpr,534
66,com.google.javascript.jscomp.ControlFlowAnalysis,handleExpr,535
66,com.google.javascript.jscomp.ControlFlowAnalysis,handleReturn,623
66,com.google.javascript.jscomp.ControlFlowAnalysis,handleReturn,624
66,com.google.javascript.jscomp.ControlFlowAnalysis,handleReturn,640
66,com.google.javascript.jscomp.ControlFlowAnalysis,handleReturn,641
66,com.google.javascript.jscomp.ControlFlowAnalysis,handleReturn,644
66,com.google.javascript.jscomp.ControlFlowAnalysis,handleReturn,645
66,com.google.javascript.jscomp.ControlFlowAnalysis,handleReturn,649
66,com.google.javascript.jscomp.ControlFlowAnalysis,handleStmtList,483
66,com.google.javascript.jscomp.ControlFlowAnalysis,handleStmtList,485
66,com.google.javascript.jscomp.ControlFlowAnalysis,handleStmtList,493
66,com.google.javascript.jscomp.ControlFlowAnalysis,handleStmtList,497
66,com.google.javascript.jscomp.ControlFlowAnalysis,handleStmtList,498
66,com.google.javascript.jscomp.ControlFlowAnalysis,handleStmtList,501
66,com.google.javascript.jscomp.ControlFlowAnalysis,handleStmtList,502
66,com.google.javascript.jscomp.ControlFlowAnalysis,handleStmtList,504
66,com.google.javascript.jscomp.ControlFlowAnalysis,handleStmtList,508
66,com.google.javascript.jscomp.ControlFlowAnalysis,handleStmtList,509
66,com.google.javascript.jscomp.ControlFlowAnalysis,handleStmtList,515
66,com.google.javascript.jscomp.ControlFlowAnalysis,handleStmtList,521
66,com.google.javascript.jscomp.ControlFlowAnalysis,mayThrowException,894
66,com.google.javascript.jscomp.ControlFlowAnalysis,mayThrowException,904
66,com.google.javascript.jscomp.ControlFlowAnalysis,mayThrowException,908
66,com.google.javascript.jscomp.ControlFlowAnalysis,mayThrowException,909
66,com.google.javascript.jscomp.ControlFlowAnalysis,mayThrowException,910
66,com.google.javascript.jscomp.ControlFlowAnalysis,prioritizeFromEntryNode,197
66,com.google.javascript.jscomp.ControlFlowAnalysis,prioritizeFromEntryNode,199
66,com.google.javascript.jscomp.ControlFlowAnalysis,prioritizeFromEntryNode,201
66,com.google.javascript.jscomp.ControlFlowAnalysis,prioritizeFromEntryNode,202
66,com.google.javascript.jscomp.ControlFlowAnalysis,prioritizeFromEntryNode,203
66,com.google.javascript.jscomp.ControlFlowAnalysis,prioritizeFromEntryNode,207
66,com.google.javascript.jscomp.ControlFlowAnalysis,prioritizeFromEntryNode,209
66,com.google.javascript.jscomp.ControlFlowAnalysis,prioritizeFromEntryNode,211
66,com.google.javascript.jscomp.ControlFlowAnalysis,prioritizeFromEntryNode,212
66,com.google.javascript.jscomp.ControlFlowAnalysis,prioritizeFromEntryNode,213
66,com.google.javascript.jscomp.ControlFlowAnalysis,prioritizeFromEntryNode,214
66,com.google.javascript.jscomp.ControlFlowAnalysis,prioritizeFromEntryNode,215
66,com.google.javascript.jscomp.ControlFlowAnalysis,process,150
66,com.google.javascript.jscomp.ControlFlowAnalysis,process,151
66,com.google.javascript.jscomp.ControlFlowAnalysis,process,152
66,com.google.javascript.jscomp.ControlFlowAnalysis,process,153
66,com.google.javascript.jscomp.ControlFlowAnalysis,process,154
66,com.google.javascript.jscomp.ControlFlowAnalysis,process,156
66,com.google.javascript.jscomp.ControlFlowAnalysis,process,157
66,com.google.javascript.jscomp.ControlFlowAnalysis,process,161
66,com.google.javascript.jscomp.ControlFlowAnalysis,process,162
66,com.google.javascript.jscomp.ControlFlowAnalysis,process,163
66,com.google.javascript.jscomp.ControlFlowAnalysis,process,165
66,com.google.javascript.jscomp.ControlFlowAnalysis,process,182
66,com.google.javascript.jscomp.ControlFlowAnalysis,process,183
66,com.google.javascript.jscomp.ControlFlowAnalysis,process,186
66,com.google.javascript.jscomp.ControlFlowAnalysis,process,189
66,com.google.javascript.jscomp.ControlFlowAnalysis,process,190
66,com.google.javascript.jscomp.ControlFlowAnalysis,shouldTraverse,220
66,com.google.javascript.jscomp.ControlFlowAnalysis,shouldTraverse,222
66,com.google.javascript.jscomp.ControlFlowAnalysis,shouldTraverse,224
66,com.google.javascript.jscomp.ControlFlowAnalysis,shouldTraverse,228
66,com.google.javascript.jscomp.ControlFlowAnalysis,shouldTraverse,250
66,com.google.javascript.jscomp.ControlFlowAnalysis,shouldTraverse,251
66,com.google.javascript.jscomp.ControlFlowAnalysis,shouldTraverse,277
66,com.google.javascript.jscomp.ControlFlowAnalysis,shouldTraverse,291
66,com.google.javascript.jscomp.ControlFlowAnalysis,visit,296
66,com.google.javascript.jscomp.ControlFlowAnalysis,visit,320
66,com.google.javascript.jscomp.ControlFlowAnalysis,visit,321
66,com.google.javascript.jscomp.ControlFlowAnalysis,visit,326
66,com.google.javascript.jscomp.ControlFlowAnalysis,visit,327
66,com.google.javascript.jscomp.ControlFlowAnalysis,visit,344
66,com.google.javascript.jscomp.ControlFlowAnalysis,visit,345
66,com.google.javascript.jscomp.ControlFlowAnalysis$1,compare,71
66,com.google.javascript.jscomp.ControlFlowAnalysis$AstControlFlowGraph,<init>,999
66,com.google.javascript.jscomp.ControlFlowAnalysis$AstControlFlowGraph,<init>,1001
66,com.google.javascript.jscomp.ControlFlowAnalysis$AstControlFlowGraph,<init>,1002
66,com.google.javascript.jscomp.ControlFlowAnalysis$AstControlFlowGraph,access$200,987
66,com.google.javascript.jscomp.ControlFlowAnalysis$AstControlFlowGraph,getOptionalNodeComparator,1012
66,com.google.javascript.jscomp.ControlFlowAnalysis$AstControlFlowGraph,getOptionalNodeComparator,1013
66,com.google.javascript.jscomp.ControlFlowAnalysis$AstControlFlowGraph,getPosition,1036
66,com.google.javascript.jscomp.ControlFlowAnalysis$AstControlFlowGraph,getPosition,1037
66,com.google.javascript.jscomp.ControlFlowAnalysis$AstControlFlowGraph,getPosition,1038
66,com.google.javascript.jscomp.ControlFlowAnalysis$AstControlFlowGraph$1,compare,1017
66,com.google.javascript.jscomp.ControlFlowAnalysis$AstControlFlowGraph$1,compare,1013
66,com.google.javascript.jscomp.ControlFlowGraph,<init>,49
66,com.google.javascript.jscomp.ControlFlowGraph,<init>,50
66,com.google.javascript.jscomp.ControlFlowGraph,<init>,51
66,com.google.javascript.jscomp.ControlFlowGraph,<init>,52
66,com.google.javascript.jscomp.ControlFlowGraph,getEntry,70
66,com.google.javascript.jscomp.ControlFlowGraph,getImplicitReturn,60
66,com.google.javascript.jscomp.ControlFlowGraph,isEnteringNewCfgNode,151
66,com.google.javascript.jscomp.ControlFlowGraph,isEnteringNewCfgNode,152
66,com.google.javascript.jscomp.ControlFlowGraph,isEnteringNewCfgNode,193
66,com.google.javascript.jscomp.ControlFlowGraph$Branch,<clinit>,109
66,com.google.javascript.jscomp.ControlFlowGraph$Branch,<clinit>,111
66,com.google.javascript.jscomp.ControlFlowGraph$Branch,<clinit>,113
66,com.google.javascript.jscomp.ControlFlowGraph$Branch,<clinit>,115
66,com.google.javascript.jscomp.ControlFlowGraph$Branch,<clinit>,117
66,com.google.javascript.jscomp.ControlFlowGraph$Branch,<clinit>,119
66,com.google.javascript.jscomp.DataFlowAnalysis,<init>,120
66,com.google.javascript.jscomp.DataFlowAnalysis,<init>,121
66,com.google.javascript.jscomp.DataFlowAnalysis,<init>,122
66,com.google.javascript.jscomp.DataFlowAnalysis,<init>,123
66,com.google.javascript.jscomp.DataFlowAnalysis,<init>,125
66,com.google.javascript.jscomp.DataFlowAnalysis,<init>,126
66,com.google.javascript.jscomp.DataFlowAnalysis,<init>,130
66,com.google.javascript.jscomp.DataFlowAnalysis,analyze,180
66,com.google.javascript.jscomp.DataFlowAnalysis,analyze,181
66,com.google.javascript.jscomp.DataFlowAnalysis,analyze,202
66,com.google.javascript.jscomp.DataFlowAnalysis,analyze,203
66,com.google.javascript.jscomp.DataFlowAnalysis,analyze,204
66,com.google.javascript.jscomp.DataFlowAnalysis,analyze,205
66,com.google.javascript.jscomp.DataFlowAnalysis,analyze,209
66,com.google.javascript.jscomp.DataFlowAnalysis,analyze,210
66,com.google.javascript.jscomp.DataFlowAnalysis,analyze,211
66,com.google.javascript.jscomp.DataFlowAnalysis,analyze,212
66,com.google.javascript.jscomp.DataFlowAnalysis,analyze,215
66,com.google.javascript.jscomp.DataFlowAnalysis,analyze,218
66,com.google.javascript.jscomp.DataFlowAnalysis,analyze,219
66,com.google.javascript.jscomp.DataFlowAnalysis,analyze,220
66,com.google.javascript.jscomp.DataFlowAnalysis,analyze,222
66,com.google.javascript.jscomp.DataFlowAnalysis,analyze,224
66,com.google.javascript.jscomp.DataFlowAnalysis,analyze,225
66,com.google.javascript.jscomp.DataFlowAnalysis,analyze,226
66,com.google.javascript.jscomp.DataFlowAnalysis,analyze,227
66,com.google.javascript.jscomp.DataFlowAnalysis,analyze,229
66,com.google.javascript.jscomp.DataFlowAnalysis,getCfg,139
66,com.google.javascript.jscomp.DataFlowAnalysis$BranchedFlowState,<init>,496
66,com.google.javascript.jscomp.DataFlowAnalysis$BranchedFlowState,<init>,497
66,com.google.javascript.jscomp.DataFlowAnalysis$BranchedFlowState,<init>,498
66,com.google.javascript.jscomp.DataFlowAnalysis$BranchedFlowState,<init>,499
66,com.google.javascript.jscomp.DataFlowAnalysis$BranchedFlowState,<init>,500
66,com.google.javascript.jscomp.DataFlowAnalysis$BranchedFlowState,<init>,501
66,com.google.javascript.jscomp.DataFlowAnalysis$BranchedFlowState,access$500,485
66,com.google.javascript.jscomp.DataFlowAnalysis$BranchedFlowState,setIn,508
66,com.google.javascript.jscomp.DataFlowAnalysis$BranchedFlowState,setIn,509
66,com.google.javascript.jscomp.DataFlowAnalysis$BranchedFlowState,setIn,510
66,com.google.javascript.jscomp.DataFlowAnalysis$BranchedForwardDataFlowAnalysis,<init>,411
66,com.google.javascript.jscomp.DataFlowAnalysis$BranchedForwardDataFlowAnalysis,<init>,412
66,com.google.javascript.jscomp.DataFlowAnalysis$BranchedForwardDataFlowAnalysis,flow,445
66,com.google.javascript.jscomp.DataFlowAnalysis$BranchedForwardDataFlowAnalysis,flow,446
66,com.google.javascript.jscomp.DataFlowAnalysis$BranchedForwardDataFlowAnalysis,flow,447
66,com.google.javascript.jscomp.DataFlowAnalysis$BranchedForwardDataFlowAnalysis,flow,448
66,com.google.javascript.jscomp.DataFlowAnalysis$BranchedForwardDataFlowAnalysis,flow,449
66,com.google.javascript.jscomp.DataFlowAnalysis$BranchedForwardDataFlowAnalysis,flow,450
66,com.google.javascript.jscomp.DataFlowAnalysis$BranchedForwardDataFlowAnalysis,flow,451
66,com.google.javascript.jscomp.DataFlowAnalysis$BranchedForwardDataFlowAnalysis,initialize,394
66,com.google.javascript.jscomp.DataFlowAnalysis$BranchedForwardDataFlowAnalysis,initialize,395
66,com.google.javascript.jscomp.DataFlowAnalysis$BranchedForwardDataFlowAnalysis,initialize,396
66,com.google.javascript.jscomp.DataFlowAnalysis$BranchedForwardDataFlowAnalysis,initialize,397
66,com.google.javascript.jscomp.DataFlowAnalysis$BranchedForwardDataFlowAnalysis,initialize,398
66,com.google.javascript.jscomp.DataFlowAnalysis$BranchedForwardDataFlowAnalysis,initialize,399
66,com.google.javascript.jscomp.DataFlowAnalysis$BranchedForwardDataFlowAnalysis,initialize,401
66,com.google.javascript.jscomp.DataFlowAnalysis$BranchedForwardDataFlowAnalysis,initialize,403
66,com.google.javascript.jscomp.DataFlowAnalysis$BranchedForwardDataFlowAnalysis,initialize,404
66,com.google.javascript.jscomp.DataFlowAnalysis$BranchedForwardDataFlowAnalysis,initialize,406
66,com.google.javascript.jscomp.DataFlowAnalysis$BranchedForwardDataFlowAnalysis,initialize,407
66,com.google.javascript.jscomp.DataFlowAnalysis$BranchedForwardDataFlowAnalysis,isForward,427
66,com.google.javascript.jscomp.DataFlowAnalysis$BranchedForwardDataFlowAnalysis,joinInputs,459
66,com.google.javascript.jscomp.DataFlowAnalysis$BranchedForwardDataFlowAnalysis,joinInputs,460
66,com.google.javascript.jscomp.DataFlowAnalysis$BranchedForwardDataFlowAnalysis,joinInputs,462
66,com.google.javascript.jscomp.DataFlowAnalysis$BranchedForwardDataFlowAnalysis,joinInputs,464
66,com.google.javascript.jscomp.DataFlowAnalysis$BranchedForwardDataFlowAnalysis,joinInputs,465
66,com.google.javascript.jscomp.DataFlowAnalysis$BranchedForwardDataFlowAnalysis,joinInputs,467
66,com.google.javascript.jscomp.DataFlowAnalysis$BranchedForwardDataFlowAnalysis,joinInputs,470
66,com.google.javascript.jscomp.DataFlowAnalysis$BranchedForwardDataFlowAnalysis,joinInputs,471
66,com.google.javascript.jscomp.DataFlowAnalysis$BranchedForwardDataFlowAnalysis,joinInputs,472
66,com.google.javascript.jscomp.DataFlowAnalysis$BranchedForwardDataFlowAnalysis,joinInputs,473
66,com.google.javascript.jscomp.DataFlowAnalysis$BranchedForwardDataFlowAnalysis,joinInputs,474
66,com.google.javascript.jscomp.DataFlowAnalysis$BranchedForwardDataFlowAnalysis,joinInputs,475
66,com.google.javascript.jscomp.DataFlowAnalysis$BranchedForwardDataFlowAnalysis,joinInputs,477
66,com.google.javascript.jscomp.DefaultCodingConvention,<init>,32
66,com.google.javascript.jscomp.DefaultCodingConvention,defineDelegateProxyPrototypeProperties,166
66,com.google.javascript.jscomp.DiagnosticGroup,<clinit>,53
66,com.google.javascript.jscomp.DiagnosticGroup,<init>,48
66,com.google.javascript.jscomp.DiagnosticGroup,<init>,49
66,com.google.javascript.jscomp.DiagnosticGroup,<init>,50
66,com.google.javascript.jscomp.DiagnosticGroup,<init>,67
66,com.google.javascript.jscomp.DiagnosticGroup,<init>,68
66,com.google.javascript.jscomp.DiagnosticGroup,<init>,70
66,com.google.javascript.jscomp.DiagnosticGroup,<init>,71
66,com.google.javascript.jscomp.DiagnosticGroup,<init>,74
66,com.google.javascript.jscomp.DiagnosticGroup,<init>,75
66,com.google.javascript.jscomp.DiagnosticGroup,<init>,41
66,com.google.javascript.jscomp.DiagnosticGroup,<init>,42
66,com.google.javascript.jscomp.DiagnosticGroup,<init>,43
66,com.google.javascript.jscomp.DiagnosticGroup,forType,58
66,com.google.javascript.jscomp.DiagnosticGroup,forType,59
66,com.google.javascript.jscomp.DiagnosticGroup,forType,61
66,com.google.javascript.jscomp.DiagnosticGroup,getTypes,108
66,com.google.javascript.jscomp.DiagnosticGroup,matches,89
66,com.google.javascript.jscomp.DiagnosticGroupWarningsGuard,<init>,31
66,com.google.javascript.jscomp.DiagnosticGroupWarningsGuard,<init>,32
66,com.google.javascript.jscomp.DiagnosticGroupWarningsGuard,<init>,33
66,com.google.javascript.jscomp.DiagnosticGroupWarningsGuard,<init>,34
66,com.google.javascript.jscomp.DiagnosticGroupWarningsGuard,disables,43
66,com.google.javascript.jscomp.DiagnosticGroupWarningsGuard,enables,48
66,com.google.javascript.jscomp.DiagnosticGroupWarningsGuard,enables,49
66,com.google.javascript.jscomp.DiagnosticGroupWarningsGuard,enables,50
66,com.google.javascript.jscomp.DiagnosticGroupWarningsGuard,enables,53
66,com.google.javascript.jscomp.DiagnosticGroupWarningsGuard,enables,56
66,com.google.javascript.jscomp.DiagnosticGroups,<clinit>,34
66,com.google.javascript.jscomp.DiagnosticGroups,<clinit>,63
66,com.google.javascript.jscomp.DiagnosticGroups,<clinit>,73
66,com.google.javascript.jscomp.DiagnosticGroups,<clinit>,82
66,com.google.javascript.jscomp.DiagnosticGroups,<clinit>,86
66,com.google.javascript.jscomp.DiagnosticGroups,<clinit>,90
66,com.google.javascript.jscomp.DiagnosticGroups,<clinit>,94
66,com.google.javascript.jscomp.DiagnosticGroups,<clinit>,98
66,com.google.javascript.jscomp.DiagnosticGroups,<clinit>,103
66,com.google.javascript.jscomp.DiagnosticGroups,<clinit>,108
66,com.google.javascript.jscomp.DiagnosticGroups,<clinit>,112
66,com.google.javascript.jscomp.DiagnosticGroups,<clinit>,116
66,com.google.javascript.jscomp.DiagnosticGroups,<clinit>,123
66,com.google.javascript.jscomp.DiagnosticGroups,<clinit>,127
66,com.google.javascript.jscomp.DiagnosticGroups,<clinit>,131
66,com.google.javascript.jscomp.DiagnosticGroups,<clinit>,136
66,com.google.javascript.jscomp.DiagnosticGroups,<clinit>,142
66,com.google.javascript.jscomp.DiagnosticGroups,<clinit>,148
66,com.google.javascript.jscomp.DiagnosticGroups,<init>,32
66,com.google.javascript.jscomp.DiagnosticGroups,getRegisteredGroups,45
66,com.google.javascript.jscomp.DiagnosticGroups,registerGroup,39
66,com.google.javascript.jscomp.DiagnosticGroups,registerGroup,40
66,com.google.javascript.jscomp.DiagnosticType,<init>,93
66,com.google.javascript.jscomp.DiagnosticType,<init>,94
66,com.google.javascript.jscomp.DiagnosticType,<init>,95
66,com.google.javascript.jscomp.DiagnosticType,<init>,96
66,com.google.javascript.jscomp.DiagnosticType,<init>,98
66,com.google.javascript.jscomp.DiagnosticType,<init>,99
66,com.google.javascript.jscomp.DiagnosticType,disabled,73
66,com.google.javascript.jscomp.DiagnosticType,error,50
66,com.google.javascript.jscomp.DiagnosticType,make,86
66,com.google.javascript.jscomp.DiagnosticType,warning,61
66,com.google.javascript.jscomp.ErrorFormat,<clinit>,24
66,com.google.javascript.jscomp.ErrorFormat,<clinit>,25
66,com.google.javascript.jscomp.ErrorFormat,<clinit>,34
66,com.google.javascript.jscomp.ErrorFormat,<clinit>,44
66,com.google.javascript.jscomp.ErrorFormat,<clinit>,54
66,com.google.javascript.jscomp.ErrorFormat$1,<init>,25
66,com.google.javascript.jscomp.ErrorFormat$2,<init>,34
66,com.google.javascript.jscomp.ErrorFormat$2,toFormatter,38
66,com.google.javascript.jscomp.ErrorFormat$2,toFormatter,40
66,com.google.javascript.jscomp.ErrorFormat$2,toFormatter,41
66,com.google.javascript.jscomp.ErrorFormat$3,<init>,44
66,com.google.javascript.jscomp.ErrorFormat$4,<init>,54
66,com.google.javascript.jscomp.FunctionTypeBuilder,<clinit>,87
66,com.google.javascript.jscomp.FunctionTypeBuilder,<clinit>,91
66,com.google.javascript.jscomp.FunctionTypeBuilder,<clinit>,95
66,com.google.javascript.jscomp.FunctionTypeBuilder,<clinit>,99
66,com.google.javascript.jscomp.FunctionTypeBuilder,<clinit>,104
66,com.google.javascript.jscomp.FunctionTypeBuilder,<clinit>,108
66,com.google.javascript.jscomp.FunctionTypeBuilder,<clinit>,112
66,com.google.javascript.jscomp.FunctionTypeBuilder,<clinit>,116
66,com.google.javascript.jscomp.FunctionTypeBuilder,<clinit>,122
66,com.google.javascript.jscomp.FunctionTypeBuilder,<clinit>,126
66,com.google.javascript.jscomp.FunctionTypeBuilder,<clinit>,130
66,com.google.javascript.jscomp.FunctionTypeBuilder,<init>,76
66,com.google.javascript.jscomp.FunctionTypeBuilder,<init>,77
66,com.google.javascript.jscomp.FunctionTypeBuilder,<init>,78
66,com.google.javascript.jscomp.FunctionTypeBuilder,<init>,79
66,com.google.javascript.jscomp.FunctionTypeBuilder,<init>,80
66,com.google.javascript.jscomp.FunctionTypeBuilder,<init>,81
66,com.google.javascript.jscomp.FunctionTypeBuilder,<init>,82
66,com.google.javascript.jscomp.FunctionTypeBuilder,<init>,83
66,com.google.javascript.jscomp.FunctionTypeBuilder,<init>,84
66,com.google.javascript.jscomp.FunctionTypeBuilder,<init>,85
66,com.google.javascript.jscomp.FunctionTypeBuilder,<init>,208
66,com.google.javascript.jscomp.FunctionTypeBuilder,<init>,209
66,com.google.javascript.jscomp.FunctionTypeBuilder,<init>,211
66,com.google.javascript.jscomp.FunctionTypeBuilder,<init>,212
66,com.google.javascript.jscomp.FunctionTypeBuilder,<init>,213
66,com.google.javascript.jscomp.FunctionTypeBuilder,<init>,214
66,com.google.javascript.jscomp.FunctionTypeBuilder,<init>,215
66,com.google.javascript.jscomp.FunctionTypeBuilder,<init>,216
66,com.google.javascript.jscomp.FunctionTypeBuilder,<init>,217
66,com.google.javascript.jscomp.FunctionTypeBuilder,<init>,218
66,com.google.javascript.jscomp.FunctionTypeBuilder,addParameter,585
66,com.google.javascript.jscomp.FunctionTypeBuilder,addParameter,586
66,com.google.javascript.jscomp.FunctionTypeBuilder,addParameter,590
66,com.google.javascript.jscomp.FunctionTypeBuilder,addParameter,594
66,com.google.javascript.jscomp.FunctionTypeBuilder,addParameter,595
66,com.google.javascript.jscomp.FunctionTypeBuilder,addParameter,600
66,com.google.javascript.jscomp.FunctionTypeBuilder,addParameter,611
66,com.google.javascript.jscomp.FunctionTypeBuilder,buildAndRegister,618
66,com.google.javascript.jscomp.FunctionTypeBuilder,buildAndRegister,619
66,com.google.javascript.jscomp.FunctionTypeBuilder,buildAndRegister,622
66,com.google.javascript.jscomp.FunctionTypeBuilder,buildAndRegister,628
66,com.google.javascript.jscomp.FunctionTypeBuilder,buildAndRegister,629
66,com.google.javascript.jscomp.FunctionTypeBuilder,buildAndRegister,630
66,com.google.javascript.jscomp.FunctionTypeBuilder,buildAndRegister,637
66,com.google.javascript.jscomp.FunctionTypeBuilder,buildAndRegister,645
66,com.google.javascript.jscomp.FunctionTypeBuilder,buildAndRegister,648
66,com.google.javascript.jscomp.FunctionTypeBuilder,buildAndRegister,649
66,com.google.javascript.jscomp.FunctionTypeBuilder,buildAndRegister,652
66,com.google.javascript.jscomp.FunctionTypeBuilder,buildAndRegister,654
66,com.google.javascript.jscomp.FunctionTypeBuilder,getOrCreateConstructor,677
66,com.google.javascript.jscomp.FunctionTypeBuilder,getOrCreateConstructor,679
66,com.google.javascript.jscomp.FunctionTypeBuilder,getOrCreateConstructor,681
66,com.google.javascript.jscomp.FunctionTypeBuilder,getOrCreateConstructor,682
66,com.google.javascript.jscomp.FunctionTypeBuilder,getOrCreateConstructor,683
66,com.google.javascript.jscomp.FunctionTypeBuilder,getOrCreateConstructor,684
66,com.google.javascript.jscomp.FunctionTypeBuilder,getOrCreateConstructor,689
66,com.google.javascript.jscomp.FunctionTypeBuilder,getOrCreateConstructor,690
66,com.google.javascript.jscomp.FunctionTypeBuilder,getOrCreateConstructor,693
66,com.google.javascript.jscomp.FunctionTypeBuilder,getOrCreateConstructor,698
66,com.google.javascript.jscomp.FunctionTypeBuilder,getOrCreateConstructor,706
66,com.google.javascript.jscomp.FunctionTypeBuilder,getOrCreateConstructor,708
66,com.google.javascript.jscomp.FunctionTypeBuilder,getOrCreateConstructor,709
66,com.google.javascript.jscomp.FunctionTypeBuilder,getOrCreateConstructor,711
66,com.google.javascript.jscomp.FunctionTypeBuilder,getScopeDeclaredIn,739
66,com.google.javascript.jscomp.FunctionTypeBuilder,getScopeDeclaredIn,740
66,com.google.javascript.jscomp.FunctionTypeBuilder,getScopeDeclaredIn,747
66,com.google.javascript.jscomp.FunctionTypeBuilder,inferFromOverriddenFunction,239
66,com.google.javascript.jscomp.FunctionTypeBuilder,inferFromOverriddenFunction,240
66,com.google.javascript.jscomp.FunctionTypeBuilder,inferInheritance,349
66,com.google.javascript.jscomp.FunctionTypeBuilder,inferInheritance,350
66,com.google.javascript.jscomp.FunctionTypeBuilder,inferInheritance,351
66,com.google.javascript.jscomp.FunctionTypeBuilder,inferInheritance,354
66,com.google.javascript.jscomp.FunctionTypeBuilder,inferInheritance,368
66,com.google.javascript.jscomp.FunctionTypeBuilder,inferInheritance,369
66,com.google.javascript.jscomp.FunctionTypeBuilder,inferInheritance,370
66,com.google.javascript.jscomp.FunctionTypeBuilder,inferInheritance,377
66,com.google.javascript.jscomp.FunctionTypeBuilder,inferInheritance,386
66,com.google.javascript.jscomp.FunctionTypeBuilder,inferInheritance,391
66,com.google.javascript.jscomp.FunctionTypeBuilder,inferParameterTypes,463
66,com.google.javascript.jscomp.FunctionTypeBuilder,inferParameterTypes,472
66,com.google.javascript.jscomp.FunctionTypeBuilder,inferParameterTypes,473
66,com.google.javascript.jscomp.FunctionTypeBuilder,inferParameterTypes,477
66,com.google.javascript.jscomp.FunctionTypeBuilder,inferParameterTypes,478
66,com.google.javascript.jscomp.FunctionTypeBuilder,inferParameterTypes,479
66,com.google.javascript.jscomp.FunctionTypeBuilder,inferParameterTypes,482
66,com.google.javascript.jscomp.FunctionTypeBuilder,inferParameterTypes,483
66,com.google.javascript.jscomp.FunctionTypeBuilder,inferParameterTypes,484
66,com.google.javascript.jscomp.FunctionTypeBuilder,inferParameterTypes,485
66,com.google.javascript.jscomp.FunctionTypeBuilder,inferParameterTypes,488
66,com.google.javascript.jscomp.FunctionTypeBuilder,inferParameterTypes,489
66,com.google.javascript.jscomp.FunctionTypeBuilder,inferParameterTypes,490
66,com.google.javascript.jscomp.FunctionTypeBuilder,inferParameterTypes,491
66,com.google.javascript.jscomp.FunctionTypeBuilder,inferParameterTypes,492
66,com.google.javascript.jscomp.FunctionTypeBuilder,inferParameterTypes,503
66,com.google.javascript.jscomp.FunctionTypeBuilder,inferParameterTypes,510
66,com.google.javascript.jscomp.FunctionTypeBuilder,inferParameterTypes,515
66,com.google.javascript.jscomp.FunctionTypeBuilder,inferParameterTypes,518
66,com.google.javascript.jscomp.FunctionTypeBuilder,inferParameterTypes,520
66,com.google.javascript.jscomp.FunctionTypeBuilder,inferParameterTypes,524
66,com.google.javascript.jscomp.FunctionTypeBuilder,inferParameterTypes,528
66,com.google.javascript.jscomp.FunctionTypeBuilder,inferParameterTypes,529
66,com.google.javascript.jscomp.FunctionTypeBuilder,inferReturnStatementsAsLastResort,313
66,com.google.javascript.jscomp.FunctionTypeBuilder,inferReturnStatementsAsLastResort,314
66,com.google.javascript.jscomp.FunctionTypeBuilder,inferReturnStatementsAsLastResort,316
66,com.google.javascript.jscomp.FunctionTypeBuilder,inferReturnStatementsAsLastResort,317
66,com.google.javascript.jscomp.FunctionTypeBuilder,inferReturnStatementsAsLastResort,341
66,com.google.javascript.jscomp.FunctionTypeBuilder,inferReturnType,294
66,com.google.javascript.jscomp.FunctionTypeBuilder,inferReturnType,295
66,com.google.javascript.jscomp.FunctionTypeBuilder,inferReturnType,296
66,com.google.javascript.jscomp.FunctionTypeBuilder,inferReturnType,299
66,com.google.javascript.jscomp.FunctionTypeBuilder,inferReturnType,304
66,com.google.javascript.jscomp.FunctionTypeBuilder,inferTemplateTypeName,565
66,com.google.javascript.jscomp.FunctionTypeBuilder,inferTemplateTypeName,566
66,com.google.javascript.jscomp.FunctionTypeBuilder,inferTemplateTypeName,567
66,com.google.javascript.jscomp.FunctionTypeBuilder,inferTemplateTypeName,569
66,com.google.javascript.jscomp.FunctionTypeBuilder,inferThisType,415
66,com.google.javascript.jscomp.FunctionTypeBuilder,inferThisType,416
66,com.google.javascript.jscomp.FunctionTypeBuilder,inferThisType,420
66,com.google.javascript.jscomp.FunctionTypeBuilder,inferThisType,423
66,com.google.javascript.jscomp.FunctionTypeBuilder,inferThisType,441
66,com.google.javascript.jscomp.FunctionTypeBuilder,isOptionalParameter,537
66,com.google.javascript.jscomp.FunctionTypeBuilder,isOptionalParameter,538
66,com.google.javascript.jscomp.FunctionTypeBuilder,isOptionalParameter,541
66,com.google.javascript.jscomp.FunctionTypeBuilder,isOptionalParameter,542
66,com.google.javascript.jscomp.FunctionTypeBuilder,isVarArgsParameter,552
66,com.google.javascript.jscomp.FunctionTypeBuilder,isVarArgsParameter,553
66,com.google.javascript.jscomp.FunctionTypeBuilder,isVarArgsParameter,556
66,com.google.javascript.jscomp.FunctionTypeBuilder,isVarArgsParameter,557
66,com.google.javascript.jscomp.FunctionTypeBuilder,maybeSetBaseType,658
66,com.google.javascript.jscomp.FunctionTypeBuilder,maybeSetBaseType,661
66,com.google.javascript.jscomp.FunctionTypeBuilder,setSourceNode,224
66,com.google.javascript.jscomp.FunctionTypeBuilder,setSourceNode,225
66,com.google.javascript.jscomp.GoogleCodingConvention,<clinit>,39
66,com.google.javascript.jscomp.GoogleCodingConvention,<init>,31
66,com.google.javascript.jscomp.GoogleCodingConvention,isOptionalParameter,115
66,com.google.javascript.jscomp.GoogleCodingConvention,isVarArgsParameter,120
66,com.google.javascript.jscomp.InferJSDocInfo,<init>,67
66,com.google.javascript.jscomp.InferJSDocInfo,<init>,68
66,com.google.javascript.jscomp.InferJSDocInfo,<init>,69
66,com.google.javascript.jscomp.InferJSDocInfo,attachJSDocInfoToNominalTypeOrShape,192
66,com.google.javascript.jscomp.InferJSDocInfo,attachJSDocInfoToNominalTypeOrShape,196
66,com.google.javascript.jscomp.InferJSDocInfo,attachJSDocInfoToNominalTypeOrShape,198
66,com.google.javascript.jscomp.InferJSDocInfo,attachJSDocInfoToNominalTypeOrShape,200
66,com.google.javascript.jscomp.InferJSDocInfo,attachJSDocInfoToNominalTypeOrShape,201
66,com.google.javascript.jscomp.InferJSDocInfo,attachJSDocInfoToNominalTypeOrShape,207
66,com.google.javascript.jscomp.InferJSDocInfo,attachJSDocInfoToNominalTypeOrShape,212
66,com.google.javascript.jscomp.InferJSDocInfo,dereferenceToObject,184
66,com.google.javascript.jscomp.InferJSDocInfo,process,72
66,com.google.javascript.jscomp.InferJSDocInfo,process,73
66,com.google.javascript.jscomp.InferJSDocInfo,process,74
66,com.google.javascript.jscomp.InferJSDocInfo,process,76
66,com.google.javascript.jscomp.InferJSDocInfo,process,77
66,com.google.javascript.jscomp.InferJSDocInfo,process,78
66,com.google.javascript.jscomp.InferJSDocInfo,process,80
66,com.google.javascript.jscomp.InferJSDocInfo,visit,85
66,com.google.javascript.jscomp.InferJSDocInfo,visit,88
66,com.google.javascript.jscomp.InferJSDocInfo,visit,93
66,com.google.javascript.jscomp.InferJSDocInfo,visit,97
66,com.google.javascript.jscomp.InferJSDocInfo,visit,109
66,com.google.javascript.jscomp.InferJSDocInfo,visit,110
66,com.google.javascript.jscomp.InferJSDocInfo,visit,113
66,com.google.javascript.jscomp.InferJSDocInfo,visit,117
66,com.google.javascript.jscomp.InferJSDocInfo,visit,118
66,com.google.javascript.jscomp.InferJSDocInfo,visit,124
66,com.google.javascript.jscomp.InferJSDocInfo,visit,130
66,com.google.javascript.jscomp.InferJSDocInfo,visit,131
66,com.google.javascript.jscomp.InferJSDocInfo,visit,132
66,com.google.javascript.jscomp.InferJSDocInfo,visit,135
66,com.google.javascript.jscomp.InferJSDocInfo,visit,136
66,com.google.javascript.jscomp.InferJSDocInfo,visit,149
66,com.google.javascript.jscomp.InferJSDocInfo,visit,152
66,com.google.javascript.jscomp.InferJSDocInfo,visit,153
66,com.google.javascript.jscomp.InferJSDocInfo,visit,156
66,com.google.javascript.jscomp.InferJSDocInfo,visit,157
66,com.google.javascript.jscomp.InferJSDocInfo,visit,159
66,com.google.javascript.jscomp.InferJSDocInfo,visit,161
66,com.google.javascript.jscomp.InferJSDocInfo,visit,162
66,com.google.javascript.jscomp.InferJSDocInfo,visit,163
66,com.google.javascript.jscomp.InferJSDocInfo,visit,167
66,com.google.javascript.jscomp.InferJSDocInfo,visit,169
66,com.google.javascript.jscomp.InferJSDocInfo,visit,170
66,com.google.javascript.jscomp.InferJSDocInfo,visit,178
66,com.google.javascript.jscomp.JSModule,<clinit>,43
66,com.google.javascript.jscomp.JSModule,<init>,51
66,com.google.javascript.jscomp.JSModule,<init>,54
66,com.google.javascript.jscomp.JSModule,<init>,62
66,com.google.javascript.jscomp.JSModule,<init>,63
66,com.google.javascript.jscomp.JSModule,<init>,64
66,com.google.javascript.jscomp.JSModule,<init>,65
66,com.google.javascript.jscomp.JSModule,add,103
66,com.google.javascript.jscomp.JSModule,add,104
66,com.google.javascript.jscomp.JSModule,add,105
66,com.google.javascript.jscomp.JSModule,add,93
66,com.google.javascript.jscomp.JSModule,add,94
66,com.google.javascript.jscomp.JSModule,getInputs,193
66,com.google.javascript.jscomp.JSSourceFile,<init>,72
66,com.google.javascript.jscomp.JSSourceFile,<init>,73
66,com.google.javascript.jscomp.JSSourceFile,<init>,74
66,com.google.javascript.jscomp.JSSourceFile,fromCode,55
66,com.google.javascript.jscomp.JSSourceFile,getCode,78
66,com.google.javascript.jscomp.JoinOp$BinaryJoinOp,apply,33
66,com.google.javascript.jscomp.JoinOp$BinaryJoinOp,apply,37
66,com.google.javascript.jscomp.JoinOp$BinaryJoinOp,apply,38
66,com.google.javascript.jscomp.JoinOp$BinaryJoinOp,apply,39
66,com.google.javascript.jscomp.JoinOp$BinaryJoinOp,apply,40
66,com.google.javascript.jscomp.JsAst,<clinit>,35
66,com.google.javascript.jscomp.JsAst,<init>,42
66,com.google.javascript.jscomp.JsAst,<init>,43
66,com.google.javascript.jscomp.JsAst,<init>,44
66,com.google.javascript.jscomp.JsAst,<init>,45
66,com.google.javascript.jscomp.JsAst,createAst,77
66,com.google.javascript.jscomp.JsAst,createAst,81
66,com.google.javascript.jscomp.JsAst,createAst,82
66,com.google.javascript.jscomp.JsAst,getAstRoot,49
66,com.google.javascript.jscomp.JsAst,getAstRoot,50
66,com.google.javascript.jscomp.JsAst,getAstRoot,52
66,com.google.javascript.jscomp.JsAst,parse,87
66,com.google.javascript.jscomp.JsAst,parse,88
66,com.google.javascript.jscomp.JsAst,parse,94
66,com.google.javascript.jscomp.JsAst,parse,96
66,com.google.javascript.jscomp.JsAst,parse,100
66,com.google.javascript.jscomp.JsAst,parse,105
66,com.google.javascript.jscomp.JsAst,parse,106
66,com.google.javascript.jscomp.LightweightMessageFormatter,<clinit>,32
66,com.google.javascript.jscomp.LightweightMessageFormatter,<init>,44
66,com.google.javascript.jscomp.LightweightMessageFormatter,<init>,45
66,com.google.javascript.jscomp.LightweightMessageFormatter,<init>,49
66,com.google.javascript.jscomp.LightweightMessageFormatter,<init>,50
66,com.google.javascript.jscomp.LightweightMessageFormatter,<init>,51
66,com.google.javascript.jscomp.LightweightMessageFormatter,<init>,52
66,com.google.javascript.jscomp.LightweightMessageFormatter$LineNumberingFormatter,<init>,118
66,com.google.javascript.jscomp.LinkedFlowScope,<init>,77
66,com.google.javascript.jscomp.LinkedFlowScope,<init>,78
66,com.google.javascript.jscomp.LinkedFlowScope,<init>,56
66,com.google.javascript.jscomp.LinkedFlowScope,<init>,63
66,com.google.javascript.jscomp.LinkedFlowScope,<init>,64
66,com.google.javascript.jscomp.LinkedFlowScope,<init>,65
66,com.google.javascript.jscomp.LinkedFlowScope,<init>,66
66,com.google.javascript.jscomp.LinkedFlowScope,<init>,67
66,com.google.javascript.jscomp.LinkedFlowScope,<init>,68
66,com.google.javascript.jscomp.LinkedFlowScope,<init>,70
66,com.google.javascript.jscomp.LinkedFlowScope,<init>,71
66,com.google.javascript.jscomp.LinkedFlowScope,<init>,72
66,com.google.javascript.jscomp.LinkedFlowScope,<init>,74
66,com.google.javascript.jscomp.LinkedFlowScope,<init>,81
66,com.google.javascript.jscomp.LinkedFlowScope,<init>,82
66,com.google.javascript.jscomp.LinkedFlowScope,access$700,39
66,com.google.javascript.jscomp.LinkedFlowScope,createChildFlowScope,158
66,com.google.javascript.jscomp.LinkedFlowScope,createChildFlowScope,160
66,com.google.javascript.jscomp.LinkedFlowScope,createChildFlowScope,167
66,com.google.javascript.jscomp.LinkedFlowScope,createEntryLattice,98
66,com.google.javascript.jscomp.LinkedFlowScope,equals,254
66,com.google.javascript.jscomp.LinkedFlowScope,equals,255
66,com.google.javascript.jscomp.LinkedFlowScope,equals,256
66,com.google.javascript.jscomp.LinkedFlowScope,equals,268
66,com.google.javascript.jscomp.LinkedFlowScope,equals,269
66,com.google.javascript.jscomp.LinkedFlowScope,getFunctionScope,86
66,com.google.javascript.jscomp.LinkedFlowScope,getSlot,140
66,com.google.javascript.jscomp.LinkedFlowScope,getSlot,148
66,com.google.javascript.jscomp.LinkedFlowScope,inferQualifiedSlot,112
66,com.google.javascript.jscomp.LinkedFlowScope,inferQualifiedSlot,113
66,com.google.javascript.jscomp.LinkedFlowScope,inferQualifiedSlot,124
66,com.google.javascript.jscomp.LinkedFlowScope,optimize,228
66,com.google.javascript.jscomp.LinkedFlowScope,optimize,229
66,com.google.javascript.jscomp.LinkedFlowScope,optimize,231
66,com.google.javascript.jscomp.LinkedFlowScope,optimize,232
66,com.google.javascript.jscomp.LinkedFlowScope$FlatFlowScopeCache,<init>,383
66,com.google.javascript.jscomp.LinkedFlowScope$FlatFlowScopeCache,<init>,393
66,com.google.javascript.jscomp.LinkedFlowScope$FlatFlowScopeCache,<init>,396
66,com.google.javascript.jscomp.LinkedFlowScope$FlatFlowScopeCache,<init>,397
66,com.google.javascript.jscomp.LinkedFlowScope$FlatFlowScopeCache,<init>,398
66,com.google.javascript.jscomp.LinkedFlowScope$FlatFlowScopeCache,<init>,399
66,com.google.javascript.jscomp.LinkedFlowScope$FlatFlowScopeCache,<init>,400
66,com.google.javascript.jscomp.LinkedFlowScope$FlatFlowScopeCache,access$300,374
66,com.google.javascript.jscomp.LinkedFlowScope$FlatFlowScopeCache,getSlot,482
66,com.google.javascript.jscomp.LinkedFlowScope$FlatFlowScopeCache,getSlot,485
66,com.google.javascript.jscomp.LinkedFlowScope$FlowScopeJoinOp,apply,236
66,com.google.javascript.jscomp.LoggerErrorManager,<init>,37
66,com.google.javascript.jscomp.LoggerErrorManager,<init>,38
66,com.google.javascript.jscomp.LoggerErrorManager,<init>,39
66,com.google.javascript.jscomp.LoggerErrorManager,<init>,40
66,com.google.javascript.jscomp.MemoizedScopeCreator,<init>,39
66,com.google.javascript.jscomp.MemoizedScopeCreator,<init>,45
66,com.google.javascript.jscomp.MemoizedScopeCreator,<init>,46
66,com.google.javascript.jscomp.MemoizedScopeCreator,<init>,47
66,com.google.javascript.jscomp.MemoizedScopeCreator,createScope,51
66,com.google.javascript.jscomp.MemoizedScopeCreator,createScope,52
66,com.google.javascript.jscomp.MemoizedScopeCreator,createScope,53
66,com.google.javascript.jscomp.MemoizedScopeCreator,createScope,54
66,com.google.javascript.jscomp.MemoizedScopeCreator,createScope,58
66,com.google.javascript.jscomp.NodeTraversal,<clinit>,45
66,com.google.javascript.jscomp.NodeTraversal,<init>,196
66,com.google.javascript.jscomp.NodeTraversal,<init>,197
66,com.google.javascript.jscomp.NodeTraversal,<init>,53
66,com.google.javascript.jscomp.NodeTraversal,<init>,59
66,com.google.javascript.jscomp.NodeTraversal,<init>,68
66,com.google.javascript.jscomp.NodeTraversal,<init>,204
66,com.google.javascript.jscomp.NodeTraversal,<init>,205
66,com.google.javascript.jscomp.NodeTraversal,<init>,206
66,com.google.javascript.jscomp.NodeTraversal,<init>,207
66,com.google.javascript.jscomp.NodeTraversal,<init>,209
66,com.google.javascript.jscomp.NodeTraversal,<init>,210
66,com.google.javascript.jscomp.NodeTraversal,<init>,211
66,com.google.javascript.jscomp.NodeTraversal,<init>,212
66,com.google.javascript.jscomp.NodeTraversal,getCurrentNode,413
66,com.google.javascript.jscomp.NodeTraversal,getEnclosingFunction,510
66,com.google.javascript.jscomp.NodeTraversal,getEnclosingFunction,513
66,com.google.javascript.jscomp.NodeTraversal,getEnclosingFunction,516
66,com.google.javascript.jscomp.NodeTraversal,getInput,400
66,com.google.javascript.jscomp.NodeTraversal,getScope,556
66,com.google.javascript.jscomp.NodeTraversal,getScope,557
66,com.google.javascript.jscomp.NodeTraversal,getScope,558
66,com.google.javascript.jscomp.NodeTraversal,getScope,561
66,com.google.javascript.jscomp.NodeTraversal,getScope,562
66,com.google.javascript.jscomp.NodeTraversal,getScope,563
66,com.google.javascript.jscomp.NodeTraversal,getScope,564
66,com.google.javascript.jscomp.NodeTraversal,getScope,566
66,com.google.javascript.jscomp.NodeTraversal,getScope,568
66,com.google.javascript.jscomp.NodeTraversal,getSourceName,393
66,com.google.javascript.jscomp.NodeTraversal,getSourceName,614
66,com.google.javascript.jscomp.NodeTraversal,getSourceName,615
66,com.google.javascript.jscomp.NodeTraversal,popScope,543
66,com.google.javascript.jscomp.NodeTraversal,popScope,544
66,com.google.javascript.jscomp.NodeTraversal,popScope,546
66,com.google.javascript.jscomp.NodeTraversal,popScope,547
66,com.google.javascript.jscomp.NodeTraversal,popScope,549
66,com.google.javascript.jscomp.NodeTraversal,popScope,551
66,com.google.javascript.jscomp.NodeTraversal,popScope,552
66,com.google.javascript.jscomp.NodeTraversal,pushScope,533
66,com.google.javascript.jscomp.NodeTraversal,pushScope,534
66,com.google.javascript.jscomp.NodeTraversal,pushScope,535
66,com.google.javascript.jscomp.NodeTraversal,pushScope,536
66,com.google.javascript.jscomp.NodeTraversal,pushScope,537
66,com.google.javascript.jscomp.NodeTraversal,pushScope,539
66,com.google.javascript.jscomp.NodeTraversal,pushScope,523
66,com.google.javascript.jscomp.NodeTraversal,pushScope,524
66,com.google.javascript.jscomp.NodeTraversal,pushScope,525
66,com.google.javascript.jscomp.NodeTraversal,pushScope,526
66,com.google.javascript.jscomp.NodeTraversal,pushScope,527
66,com.google.javascript.jscomp.NodeTraversal,pushScope,529
66,com.google.javascript.jscomp.NodeTraversal,traverse,421
66,com.google.javascript.jscomp.NodeTraversal,traverse,422
66,com.google.javascript.jscomp.NodeTraversal,traverse,423
66,com.google.javascript.jscomp.NodeTraversal,traverse,246
66,com.google.javascript.jscomp.NodeTraversal,traverse,247
66,com.google.javascript.jscomp.NodeTraversal,traverse,248
66,com.google.javascript.jscomp.NodeTraversal,traverse,249
66,com.google.javascript.jscomp.NodeTraversal,traverse,250
66,com.google.javascript.jscomp.NodeTraversal,traverse,253
66,com.google.javascript.jscomp.NodeTraversal,traverse,254
66,com.google.javascript.jscomp.NodeTraversal,traverseBranch,439
66,com.google.javascript.jscomp.NodeTraversal,traverseBranch,440
66,com.google.javascript.jscomp.NodeTraversal,traverseBranch,441
66,com.google.javascript.jscomp.NodeTraversal,traverseBranch,444
66,com.google.javascript.jscomp.NodeTraversal,traverseBranch,445
66,com.google.javascript.jscomp.NodeTraversal,traverseBranch,447
66,com.google.javascript.jscomp.NodeTraversal,traverseBranch,449
66,com.google.javascript.jscomp.NodeTraversal,traverseBranch,450
66,com.google.javascript.jscomp.NodeTraversal,traverseBranch,453
66,com.google.javascript.jscomp.NodeTraversal,traverseBranch,456
66,com.google.javascript.jscomp.NodeTraversal,traverseBranch,457
66,com.google.javascript.jscomp.NodeTraversal,traverseBranch,458
66,com.google.javascript.jscomp.NodeTraversal,traverseBranch,459
66,com.google.javascript.jscomp.NodeTraversal,traverseBranch,463
66,com.google.javascript.jscomp.NodeTraversal,traverseBranch,464
66,com.google.javascript.jscomp.NodeTraversal,traverseBranch,465
66,com.google.javascript.jscomp.NodeTraversal,traverseFunction,471
66,com.google.javascript.jscomp.NodeTraversal,traverseFunction,472
66,com.google.javascript.jscomp.NodeTraversal,traverseFunction,474
66,com.google.javascript.jscomp.NodeTraversal,traverseFunction,476
66,com.google.javascript.jscomp.NodeTraversal,traverseFunction,479
66,com.google.javascript.jscomp.NodeTraversal,traverseFunction,481
66,com.google.javascript.jscomp.NodeTraversal,traverseFunction,484
66,com.google.javascript.jscomp.NodeTraversal,traverseFunction,485
66,com.google.javascript.jscomp.NodeTraversal,traverseFunction,487
66,com.google.javascript.jscomp.NodeTraversal,traverseFunction,493
66,com.google.javascript.jscomp.NodeTraversal,traverseFunction,494
66,com.google.javascript.jscomp.NodeTraversal,traverseFunction,497
66,com.google.javascript.jscomp.NodeTraversal,traverseFunction,500
66,com.google.javascript.jscomp.NodeTraversal,traverseFunction,502
66,com.google.javascript.jscomp.NodeTraversal,traverseFunction,504
66,com.google.javascript.jscomp.NodeTraversal,traverseFunction,505
66,com.google.javascript.jscomp.NodeTraversal,traverseWithScope,307
66,com.google.javascript.jscomp.NodeTraversal,traverseWithScope,309
66,com.google.javascript.jscomp.NodeTraversal,traverseWithScope,310
66,com.google.javascript.jscomp.NodeTraversal,traverseWithScope,311
66,com.google.javascript.jscomp.NodeTraversal,traverseWithScope,312
66,com.google.javascript.jscomp.NodeTraversal,traverseWithScope,313
66,com.google.javascript.jscomp.NodeTraversal,traverseWithScope,314
66,com.google.javascript.jscomp.NodeTraversal$AbstractPostOrderCallback,<init>,125
66,com.google.javascript.jscomp.NodeTraversal$AbstractPostOrderCallback,shouldTraverse,128
66,com.google.javascript.jscomp.NodeTraversal$AbstractShallowStatementCallback,<init>,150
66,com.google.javascript.jscomp.NodeTraversal$AbstractShallowStatementCallback,shouldTraverse,154
66,com.google.javascript.jscomp.NodeUtil,<clinit>,52
66,com.google.javascript.jscomp.NodeUtil,<clinit>,798
66,com.google.javascript.jscomp.NodeUtil,<clinit>,801
66,com.google.javascript.jscomp.NodeUtil,<clinit>,803
66,com.google.javascript.jscomp.NodeUtil,<clinit>,805
66,com.google.javascript.jscomp.NodeUtil,getFunctionInfo,2594
66,com.google.javascript.jscomp.NodeUtil,getFunctionInfo,2595
66,com.google.javascript.jscomp.NodeUtil,getFunctionInfo,2596
66,com.google.javascript.jscomp.NodeUtil,getFunctionInfo,2607
66,com.google.javascript.jscomp.NodeUtil,getInfoForNameNode,2575
66,com.google.javascript.jscomp.NodeUtil,getInfoForNameNode,2576
66,com.google.javascript.jscomp.NodeUtil,getInfoForNameNode,2577
66,com.google.javascript.jscomp.NodeUtil,getInfoForNameNode,2578
66,com.google.javascript.jscomp.NodeUtil,getInfoForNameNode,2579
66,com.google.javascript.jscomp.NodeUtil,getInfoForNameNode,2582
66,com.google.javascript.jscomp.NodeUtil,getInfoForNameNode,2585
66,com.google.javascript.jscomp.NodeUtil,getInfoForNameNode,2587
66,com.google.javascript.jscomp.NodeUtil,isControlStructure,1432
66,com.google.javascript.jscomp.NodeUtil,isControlStructure,1446
66,com.google.javascript.jscomp.NodeUtil,isExpressionNode,1252
66,com.google.javascript.jscomp.NodeUtil,isFunctionDeclaration,1703
66,com.google.javascript.jscomp.NodeUtil,isFunctionExpression,1741
66,com.google.javascript.jscomp.NodeUtil,isStatement,1517
66,com.google.javascript.jscomp.NodeUtil,isStatement,1521
66,com.google.javascript.jscomp.NodeUtil,isStatement,1522
66,com.google.javascript.jscomp.NodeUtil,isStatement,1526
66,com.google.javascript.jscomp.NodeUtil,isStatementBlock,1510
66,com.google.javascript.jscomp.PassFactory,<init>,35
66,com.google.javascript.jscomp.PassFactory,<init>,42
66,com.google.javascript.jscomp.PassFactory,<init>,43
66,com.google.javascript.jscomp.PassFactory,<init>,44
66,com.google.javascript.jscomp.PassFactory,<init>,45
66,com.google.javascript.jscomp.PrepareAst,<init>,41
66,com.google.javascript.jscomp.PrepareAst,<init>,42
66,com.google.javascript.jscomp.PrepareAst,<init>,44
66,com.google.javascript.jscomp.PrepareAst,<init>,45
66,com.google.javascript.jscomp.PrepareAst,<init>,46
66,com.google.javascript.jscomp.PrepareAst,<init>,47
66,com.google.javascript.jscomp.PrepareAst,process,57
66,com.google.javascript.jscomp.PrepareAst,process,64
66,com.google.javascript.jscomp.PrepareAst,process,68
66,com.google.javascript.jscomp.PrepareAst,process,69
66,com.google.javascript.jscomp.PrepareAst,process,73
66,com.google.javascript.jscomp.PrepareAst$PrepareAnnotations,<init>,136
66,com.google.javascript.jscomp.PrepareAst$PrepareAnnotations,<init>,137
66,com.google.javascript.jscomp.PrepareAst$PrepareAnnotations,<init>,138
66,com.google.javascript.jscomp.PrepareAst$PrepareAnnotations,annotateDispatchers,197
66,com.google.javascript.jscomp.PrepareAst$PrepareAnnotations,annotateDispatchers,198
66,com.google.javascript.jscomp.PrepareAst$PrepareAnnotations,annotateDispatchers,205
66,com.google.javascript.jscomp.PrepareAst$PrepareAnnotations,annotateFunctions,235
66,com.google.javascript.jscomp.PrepareAst$PrepareAnnotations,annotateFunctions,239
66,com.google.javascript.jscomp.PrepareAst$PrepareAnnotations,annotateFunctions,240
66,com.google.javascript.jscomp.PrepareAst$PrepareAnnotations,annotateFunctions,241
66,com.google.javascript.jscomp.PrepareAst$PrepareAnnotations,annotateFunctions,242
66,com.google.javascript.jscomp.PrepareAst$PrepareAnnotations,annotateFunctions,243
66,com.google.javascript.jscomp.PrepareAst$PrepareAnnotations,annotateFunctions,244
66,com.google.javascript.jscomp.PrepareAst$PrepareAnnotations,annotateFunctions,247
66,com.google.javascript.jscomp.PrepareAst$PrepareAnnotations,annotateFunctions,249
66,com.google.javascript.jscomp.PrepareAst$PrepareAnnotations,annotateFunctions,251
66,com.google.javascript.jscomp.PrepareAst$PrepareAnnotations,annotateFunctions,253
66,com.google.javascript.jscomp.PrepareAst$PrepareAnnotations,annotateFunctions,256
66,com.google.javascript.jscomp.PrepareAst$PrepareAnnotations,shouldTraverse,142
66,com.google.javascript.jscomp.PrepareAst$PrepareAnnotations,shouldTraverse,145
66,com.google.javascript.jscomp.PrepareAst$PrepareAnnotations,visit,150
66,com.google.javascript.jscomp.PrepareAst$PrepareAnnotations,visit,156
66,com.google.javascript.jscomp.PrepareAst$PrepareAnnotations,visit,157
66,com.google.javascript.jscomp.PrepareAst$PrepareAnnotations,visit,160
66,com.google.javascript.jscomp.ProcessDefines,<clinit>,54
66,com.google.javascript.jscomp.ProcessDefines,<clinit>,63
66,com.google.javascript.jscomp.ProcessDefines,<clinit>,68
66,com.google.javascript.jscomp.ProcessDefines,<clinit>,73
66,com.google.javascript.jscomp.ProcessDefines,<clinit>,78
66,com.google.javascript.jscomp.ProcessDefines,<clinit>,83
66,com.google.javascript.jscomp.ProcessDefines,<clinit>,88
66,com.google.javascript.jscomp.ProcessTweaks,<clinit>,55
66,com.google.javascript.jscomp.ProcessTweaks,<clinit>,59
66,com.google.javascript.jscomp.ProcessTweaks,<clinit>,64
66,com.google.javascript.jscomp.ProcessTweaks,<clinit>,69
66,com.google.javascript.jscomp.ProcessTweaks,<clinit>,74
66,com.google.javascript.jscomp.ProcessTweaks,<clinit>,80
66,com.google.javascript.jscomp.ProcessTweaks,<clinit>,85
66,com.google.javascript.jscomp.ProcessTweaks,<clinit>,91
66,com.google.javascript.jscomp.ProcessTweaks,<clinit>,96
66,com.google.javascript.jscomp.ProcessTweaks,<clinit>,187
66,com.google.javascript.jscomp.ProcessTweaks,<clinit>,188
66,com.google.javascript.jscomp.ProcessTweaks,<clinit>,189
66,com.google.javascript.jscomp.ProcessTweaks,<clinit>,191
66,com.google.javascript.jscomp.ProcessTweaks$TweakFunction,<clinit>,105
66,com.google.javascript.jscomp.ProcessTweaks$TweakFunction,<clinit>,106
66,com.google.javascript.jscomp.ProcessTweaks$TweakFunction,<clinit>,108
66,com.google.javascript.jscomp.ProcessTweaks$TweakFunction,<clinit>,109
66,com.google.javascript.jscomp.ProcessTweaks$TweakFunction,<clinit>,110
66,com.google.javascript.jscomp.ProcessTweaks$TweakFunction,<clinit>,111
66,com.google.javascript.jscomp.ProcessTweaks$TweakFunction,<clinit>,112
66,com.google.javascript.jscomp.ProcessTweaks$TweakFunction,<clinit>,113
66,com.google.javascript.jscomp.ProcessTweaks$TweakFunction,<clinit>,114
66,com.google.javascript.jscomp.ProcessTweaks$TweakFunction,<init>,123
66,com.google.javascript.jscomp.ProcessTweaks$TweakFunction,<init>,124
66,com.google.javascript.jscomp.ProcessTweaks$TweakFunction,<init>,137
66,com.google.javascript.jscomp.ProcessTweaks$TweakFunction,<init>,138
66,com.google.javascript.jscomp.ProcessTweaks$TweakFunction,<init>,128
66,com.google.javascript.jscomp.ProcessTweaks$TweakFunction,<init>,129
66,com.google.javascript.jscomp.ProcessTweaks$TweakFunction,<init>,133
66,com.google.javascript.jscomp.ProcessTweaks$TweakFunction,<init>,134
66,com.google.javascript.jscomp.ProcessTweaks$TweakFunction,<init>,142
66,com.google.javascript.jscomp.ProcessTweaks$TweakFunction,<init>,143
66,com.google.javascript.jscomp.ProcessTweaks$TweakFunction,<init>,144
66,com.google.javascript.jscomp.ProcessTweaks$TweakFunction,<init>,145
66,com.google.javascript.jscomp.ProcessTweaks$TweakFunction,<init>,146
66,com.google.javascript.jscomp.ProcessTweaks$TweakFunction,<init>,147
66,com.google.javascript.jscomp.ProcessTweaks$TweakFunction,<init>,148
66,com.google.javascript.jscomp.ProcessTweaks$TweakFunction,getName,164
66,com.google.javascript.jscomp.PropertyRenamingPolicy,<clinit>,22
66,com.google.javascript.jscomp.PropertyRenamingPolicy,<clinit>,26
66,com.google.javascript.jscomp.PropertyRenamingPolicy,<clinit>,32
66,com.google.javascript.jscomp.PropertyRenamingPolicy,<clinit>,38
66,com.google.javascript.jscomp.PropertyRenamingPolicy,<clinit>,46
66,com.google.javascript.jscomp.PropertyRenamingPolicy,<clinit>,49
66,com.google.javascript.jscomp.RhinoErrorReporter,<clinit>,35
66,com.google.javascript.jscomp.RhinoErrorReporter,<clinit>,40
66,com.google.javascript.jscomp.RhinoErrorReporter,<clinit>,43
66,com.google.javascript.jscomp.RhinoErrorReporter,<clinit>,49
66,com.google.javascript.jscomp.RhinoErrorReporter,<clinit>,52
66,com.google.javascript.jscomp.RhinoErrorReporter,<init>,70
66,com.google.javascript.jscomp.RhinoErrorReporter,<init>,71
66,com.google.javascript.jscomp.RhinoErrorReporter,<init>,72
66,com.google.javascript.jscomp.RhinoErrorReporter,<init>,94
66,com.google.javascript.jscomp.RhinoErrorReporter,<init>,33
66,com.google.javascript.jscomp.RhinoErrorReporter,forNewRhino,98
66,com.google.javascript.jscomp.RhinoErrorReporter,forOldRhino,102
66,com.google.javascript.jscomp.RhinoErrorReporter,replacePlaceHolders,66
66,com.google.javascript.jscomp.RhinoErrorReporter,replacePlaceHolders,67
66,com.google.javascript.jscomp.RhinoErrorReporter$NewRhinoErrorReporter,<init>,151
66,com.google.javascript.jscomp.RhinoErrorReporter$NewRhinoErrorReporter,<init>,152
66,com.google.javascript.jscomp.RhinoErrorReporter$NewRhinoErrorReporter,<init>,147
66,com.google.javascript.jscomp.RhinoErrorReporter$OldRhinoErrorReporter,<init>,137
66,com.google.javascript.jscomp.RhinoErrorReporter$OldRhinoErrorReporter,<init>,138
66,com.google.javascript.jscomp.RhinoErrorReporter$OldRhinoErrorReporter,<init>,133
66,com.google.javascript.jscomp.Scope,<init>,288
66,com.google.javascript.jscomp.Scope,<init>,289
66,com.google.javascript.jscomp.Scope,<init>,290
66,com.google.javascript.jscomp.Scope,<init>,292
66,com.google.javascript.jscomp.Scope,<init>,293
66,com.google.javascript.jscomp.Scope,<init>,294
66,com.google.javascript.jscomp.Scope,<init>,295
66,com.google.javascript.jscomp.Scope,<init>,296
66,com.google.javascript.jscomp.Scope,<init>,300
66,com.google.javascript.jscomp.Scope,<init>,301
66,com.google.javascript.jscomp.Scope,<init>,308
66,com.google.javascript.jscomp.Scope,<init>,309
66,com.google.javascript.jscomp.Scope,<init>,310
66,com.google.javascript.jscomp.Scope,<init>,311
66,com.google.javascript.jscomp.Scope,<init>,312
66,com.google.javascript.jscomp.Scope,<init>,313
66,com.google.javascript.jscomp.Scope,<init>,52
66,com.google.javascript.jscomp.Scope,<init>,320
66,com.google.javascript.jscomp.Scope,<init>,321
66,com.google.javascript.jscomp.Scope,<init>,322
66,com.google.javascript.jscomp.Scope,<init>,323
66,com.google.javascript.jscomp.Scope,<init>,324
66,com.google.javascript.jscomp.Scope,<init>,325
66,com.google.javascript.jscomp.Scope,declare,388
66,com.google.javascript.jscomp.Scope,declare,391
66,com.google.javascript.jscomp.Scope,declare,393
66,com.google.javascript.jscomp.Scope,declare,394
66,com.google.javascript.jscomp.Scope,declare,395
66,com.google.javascript.jscomp.Scope,declare,396
66,com.google.javascript.jscomp.Scope,declare,397
66,com.google.javascript.jscomp.Scope,declare,398
66,com.google.javascript.jscomp.Scope,declare,399
66,com.google.javascript.jscomp.Scope,declare,403
66,com.google.javascript.jscomp.Scope,declare,405
66,com.google.javascript.jscomp.Scope,declare,406
66,com.google.javascript.jscomp.Scope,declare,408
66,com.google.javascript.jscomp.Scope,declare,409
66,com.google.javascript.jscomp.Scope,getParent,341
66,com.google.javascript.jscomp.Scope,getParentScope,354
66,com.google.javascript.jscomp.Scope,getRootNode,337
66,com.google.javascript.jscomp.Scope,getSlot,423
66,com.google.javascript.jscomp.Scope,getTypeOfThis,361
66,com.google.javascript.jscomp.Scope,getVar,434
66,com.google.javascript.jscomp.Scope,getVar,435
66,com.google.javascript.jscomp.Scope,getVar,436
66,com.google.javascript.jscomp.Scope,getVar,437
66,com.google.javascript.jscomp.Scope,getVar,438
66,com.google.javascript.jscomp.Scope,getVars,462
66,com.google.javascript.jscomp.Scope,isDeclared,448
66,com.google.javascript.jscomp.Scope,isDeclared,449
66,com.google.javascript.jscomp.Scope,isDeclared,450
66,com.google.javascript.jscomp.Scope,isDeclared,452
66,com.google.javascript.jscomp.Scope,isDeclared,455
66,com.google.javascript.jscomp.Scope,isGlobal,476
66,com.google.javascript.jscomp.Scope,isLocal,483
66,com.google.javascript.jscomp.Scope$Var,<init>,78
66,com.google.javascript.jscomp.Scope$Var,<init>,107
66,com.google.javascript.jscomp.Scope$Var,<init>,108
66,com.google.javascript.jscomp.Scope$Var,<init>,109
66,com.google.javascript.jscomp.Scope$Var,access$202,63
66,com.google.javascript.jscomp.Scope$Var,getInitialValue,188
66,com.google.javascript.jscomp.Scope$Var,getInitialValue,189
66,com.google.javascript.jscomp.Scope$Var,getInitialValue,190
66,com.google.javascript.jscomp.Scope$Var,getInitialValue,191
66,com.google.javascript.jscomp.Scope$Var,getName,115
66,com.google.javascript.jscomp.Scope$Var,getNameNode,213
66,com.google.javascript.jscomp.Scope$Var,getParentNode,122
66,com.google.javascript.jscomp.Scope$Var,getType,206
66,com.google.javascript.jscomp.Scope$Var,isTypeInferred,246
66,com.google.javascript.jscomp.Scope$Var,resolveType,236
66,com.google.javascript.jscomp.Scope$Var,resolveType,237
66,com.google.javascript.jscomp.Scope$Var,resolveType,239
66,com.google.javascript.jscomp.SemanticReverseAbstractInterpreter,<clinit>,46
66,com.google.javascript.jscomp.SemanticReverseAbstractInterpreter,<clinit>,59
66,com.google.javascript.jscomp.SemanticReverseAbstractInterpreter,<clinit>,73
66,com.google.javascript.jscomp.SemanticReverseAbstractInterpreter,<clinit>,87
66,com.google.javascript.jscomp.SemanticReverseAbstractInterpreter,<init>,100
66,com.google.javascript.jscomp.SemanticReverseAbstractInterpreter,<init>,115
66,com.google.javascript.jscomp.SemanticReverseAbstractInterpreter,<init>,116
66,com.google.javascript.jscomp.SemanticReverseAbstractInterpreter$1,apply,47
66,com.google.javascript.jscomp.SemanticReverseAbstractInterpreter$2,apply,60
66,com.google.javascript.jscomp.SemanticReverseAbstractInterpreter$3,apply,74
66,com.google.javascript.jscomp.SemanticReverseAbstractInterpreter$4,apply,88
66,com.google.javascript.jscomp.SemanticReverseAbstractInterpreter$5,apply,102
66,com.google.javascript.jscomp.SourceExcerptProvider$SourceExcerpt,<clinit>,28
66,com.google.javascript.jscomp.SourceExcerptProvider$SourceExcerpt,<clinit>,32
66,com.google.javascript.jscomp.SourceExcerptProvider$SourceExcerpt,<clinit>,43
66,com.google.javascript.jscomp.SourceExcerptProvider$SourceExcerpt$1,<init>,32
66,com.google.javascript.jscomp.SourceExcerptProvider$SourceExcerpt$2,<init>,43
66,com.google.javascript.jscomp.SourceFile,<init>,62
66,com.google.javascript.jscomp.SourceFile,<init>,70
66,com.google.javascript.jscomp.SourceFile,<init>,79
66,com.google.javascript.jscomp.SourceFile,<init>,80
66,com.google.javascript.jscomp.SourceFile,<init>,82
66,com.google.javascript.jscomp.SourceFile,<init>,83
66,com.google.javascript.jscomp.SourceFile,<init>,84
66,com.google.javascript.jscomp.SourceFile,access$000,40
66,com.google.javascript.jscomp.SourceFile,fromCode,257
66,com.google.javascript.jscomp.SourceFile,getCode,94
66,com.google.javascript.jscomp.SourceFile,getName,136
66,com.google.javascript.jscomp.SourceFile,setCode,110
66,com.google.javascript.jscomp.SourceFile,setCode,111
66,com.google.javascript.jscomp.SourceFile,setOriginalPath,118
66,com.google.javascript.jscomp.SourceFile,setOriginalPath,119
66,com.google.javascript.jscomp.SourceFile$Preloaded,<init>,297
66,com.google.javascript.jscomp.SourceFile$Preloaded,<init>,298
66,com.google.javascript.jscomp.SourceFile$Preloaded,<init>,301
66,com.google.javascript.jscomp.SourceFile$Preloaded,<init>,302
66,com.google.javascript.jscomp.SourceFile$Preloaded,<init>,303
66,com.google.javascript.jscomp.SourceFile$Preloaded,<init>,304
66,com.google.javascript.jscomp.SourceMap$DetailLevel,<clinit>,52
66,com.google.javascript.jscomp.SourceMap$DetailLevel,<clinit>,55
66,com.google.javascript.jscomp.SourceMap$DetailLevel,<clinit>,62
66,com.google.javascript.jscomp.SourceMap$DetailLevel$1,apply,55
66,com.google.javascript.jscomp.SourceMap$DetailLevel$2,apply,62
66,com.google.javascript.jscomp.SourceMap$Format,<clinit>,35
66,com.google.javascript.jscomp.SourceMap$Format,<clinit>,36
66,com.google.javascript.jscomp.SourceMap$Format,<clinit>,41
66,com.google.javascript.jscomp.SourceMap$Format$1,<init>,36
66,com.google.javascript.jscomp.SourceMap$Format$2,<init>,41
66,com.google.javascript.jscomp.SuppressDocWarningsGuard,<init>,32
66,com.google.javascript.jscomp.SuppressDocWarningsGuard,<init>,38
66,com.google.javascript.jscomp.SuppressDocWarningsGuard,<init>,40
66,com.google.javascript.jscomp.SuppressDocWarningsGuard,<init>,41
66,com.google.javascript.jscomp.SuppressDocWarningsGuard,<init>,46
66,com.google.javascript.jscomp.SuppressDocWarningsGuard,<init>,47
66,com.google.javascript.jscomp.SuppressDocWarningsGuard,getPriority,92
66,com.google.javascript.jscomp.SyntacticScopeCreator,<clinit>,42
66,com.google.javascript.jscomp.SyntacticScopeCreator,<clinit>,47
66,com.google.javascript.jscomp.SyntacticScopeCreator,<init>,55
66,com.google.javascript.jscomp.SyntacticScopeCreator,<init>,56
66,com.google.javascript.jscomp.SyntacticScopeCreator,<init>,57
66,com.google.javascript.jscomp.SyntacticScopeCreator,<init>,58
66,com.google.javascript.jscomp.SyntacticScopeCreator$DefaultRedeclarationHandler,<init>,183
66,com.google.javascript.jscomp.Tracer,<clinit>,180
66,com.google.javascript.jscomp.Tracer,<clinit>,192
66,com.google.javascript.jscomp.Tracer,<clinit>,237
66,com.google.javascript.jscomp.Tracer,<clinit>,645
66,com.google.javascript.jscomp.Tracer,<clinit>,961
66,com.google.javascript.jscomp.Tracer,<init>,250
66,com.google.javascript.jscomp.Tracer,<init>,251
66,com.google.javascript.jscomp.Tracer,<init>,252
66,com.google.javascript.jscomp.Tracer,<init>,253
66,com.google.javascript.jscomp.Tracer,<init>,254
66,com.google.javascript.jscomp.Tracer,<init>,255
66,com.google.javascript.jscomp.Tracer,<init>,265
66,com.google.javascript.jscomp.Tracer,<init>,268
66,com.google.javascript.jscomp.Tracer,<init>,269
66,com.google.javascript.jscomp.Tracer,getThreadTrace,967
66,com.google.javascript.jscomp.Tracer,getThreadTrace,968
66,com.google.javascript.jscomp.Tracer,getThreadTrace,969
66,com.google.javascript.jscomp.Tracer,getThreadTrace,970
66,com.google.javascript.jscomp.Tracer,getThreadTrace,971
66,com.google.javascript.jscomp.Tracer,getThreadTrace,973
66,com.google.javascript.jscomp.Tracer,stop,453
66,com.google.javascript.jscomp.Tracer,stop,421
66,com.google.javascript.jscomp.Tracer,stop,423
66,com.google.javascript.jscomp.Tracer,stop,425
66,com.google.javascript.jscomp.Tracer,stop,426
66,com.google.javascript.jscomp.Tracer$1,<init>,237
66,com.google.javascript.jscomp.Tracer$1,currentTimeMillis,239
66,com.google.javascript.jscomp.Tracer$Stat,access$1000,552
66,com.google.javascript.jscomp.Tracer$ThreadTrace,<init>,713
66,com.google.javascript.jscomp.Tracer$ThreadTrace,<init>,719
66,com.google.javascript.jscomp.Tracer$ThreadTrace,<init>,722
66,com.google.javascript.jscomp.Tracer$ThreadTrace,<init>,725
66,com.google.javascript.jscomp.Tracer$ThreadTrace,<init>,731
66,com.google.javascript.jscomp.Tracer$ThreadTrace,<init>,737
66,com.google.javascript.jscomp.Tracer$ThreadTrace,<init>,743
66,com.google.javascript.jscomp.Tracer$ThreadTrace,<init>,748
66,com.google.javascript.jscomp.Tracer$ThreadTrace,isInitialized,757
66,com.google.javascript.jscomp.TypeCheck,<clinit>,57
66,com.google.javascript.jscomp.TypeCheck,<clinit>,65
66,com.google.javascript.jscomp.TypeCheck,<clinit>,81
66,com.google.javascript.jscomp.TypeCheck,<clinit>,88
66,com.google.javascript.jscomp.TypeCheck,<clinit>,95
66,com.google.javascript.jscomp.TypeCheck,<clinit>,102
66,com.google.javascript.jscomp.TypeCheck,<clinit>,107
66,com.google.javascript.jscomp.TypeCheck,<clinit>,112
66,com.google.javascript.jscomp.TypeCheck,<clinit>,117
66,com.google.javascript.jscomp.TypeCheck,<clinit>,122
66,com.google.javascript.jscomp.TypeCheck,<clinit>,127
66,com.google.javascript.jscomp.TypeCheck,<clinit>,132
66,com.google.javascript.jscomp.TypeCheck,<clinit>,136
66,com.google.javascript.jscomp.TypeCheck,<clinit>,139
66,com.google.javascript.jscomp.TypeCheck,<clinit>,143
66,com.google.javascript.jscomp.TypeCheck,<clinit>,149
66,com.google.javascript.jscomp.TypeCheck,<clinit>,154
66,com.google.javascript.jscomp.TypeCheck,<clinit>,161
66,com.google.javascript.jscomp.TypeCheck,<clinit>,166
66,com.google.javascript.jscomp.TypeCheck,<clinit>,172
66,com.google.javascript.jscomp.TypeCheck,<clinit>,178
66,com.google.javascript.jscomp.TypeCheck,<clinit>,185
66,com.google.javascript.jscomp.TypeCheck,<clinit>,193
66,com.google.javascript.jscomp.TypeCheck,<clinit>,198
66,com.google.javascript.jscomp.TypeCheck,<clinit>,203
66,com.google.javascript.jscomp.TypeCheck,<clinit>,207
66,com.google.javascript.jscomp.TypeCheck,<clinit>,211
66,com.google.javascript.jscomp.TypeCheck,<clinit>,217
66,com.google.javascript.jscomp.TypeCheck,<clinit>,223
66,com.google.javascript.jscomp.TypeCheck,<init>,308
66,com.google.javascript.jscomp.TypeCheck,<init>,310
66,com.google.javascript.jscomp.TypeCheck,<init>,271
66,com.google.javascript.jscomp.TypeCheck,<init>,273
66,com.google.javascript.jscomp.TypeCheck,<init>,276
66,com.google.javascript.jscomp.TypeCheck,<init>,277
66,com.google.javascript.jscomp.TypeCheck,<init>,278
66,com.google.javascript.jscomp.TypeCheck,<init>,283
66,com.google.javascript.jscomp.TypeCheck,<init>,291
66,com.google.javascript.jscomp.TypeCheck,<init>,292
66,com.google.javascript.jscomp.TypeCheck,<init>,293
66,com.google.javascript.jscomp.TypeCheck,<init>,294
66,com.google.javascript.jscomp.TypeCheck,<init>,295
66,com.google.javascript.jscomp.TypeCheck,<init>,296
66,com.google.javascript.jscomp.TypeCheck,<init>,297
66,com.google.javascript.jscomp.TypeCheck,<init>,298
66,com.google.javascript.jscomp.TypeCheck,<init>,299
66,com.google.javascript.jscomp.TypeCheck,<init>,300
66,com.google.javascript.jscomp.TypeCheck,<init>,301
66,com.google.javascript.jscomp.TypeCheck,check,369
66,com.google.javascript.jscomp.TypeCheck,check,371
66,com.google.javascript.jscomp.TypeCheck,check,372
66,com.google.javascript.jscomp.TypeCheck,check,373
66,com.google.javascript.jscomp.TypeCheck,check,374
66,com.google.javascript.jscomp.TypeCheck,check,375
66,com.google.javascript.jscomp.TypeCheck,check,377
66,com.google.javascript.jscomp.TypeCheck,check,379
66,com.google.javascript.jscomp.TypeCheck,checkNoTypeCheckSection,383
66,com.google.javascript.jscomp.TypeCheck,checkNoTypeCheckSection,389
66,com.google.javascript.jscomp.TypeCheck,checkNoTypeCheckSection,390
66,com.google.javascript.jscomp.TypeCheck,checkNoTypeCheckSection,397
66,com.google.javascript.jscomp.TypeCheck,checkNoTypeCheckSection,400
66,com.google.javascript.jscomp.TypeCheck,checkPropertyAccess,1198
66,com.google.javascript.jscomp.TypeCheck,checkPropertyAccess,1199
66,com.google.javascript.jscomp.TypeCheck,checkPropertyAccess,1200
66,com.google.javascript.jscomp.TypeCheck,checkPropertyAccess,1201
66,com.google.javascript.jscomp.TypeCheck,checkPropertyAccess,1218
66,com.google.javascript.jscomp.TypeCheck,doPercentTypedAccounting,800
66,com.google.javascript.jscomp.TypeCheck,doPercentTypedAccounting,801
66,com.google.javascript.jscomp.TypeCheck,doPercentTypedAccounting,803
66,com.google.javascript.jscomp.TypeCheck,doPercentTypedAccounting,810
66,com.google.javascript.jscomp.TypeCheck,doPercentTypedAccounting,812
66,com.google.javascript.jscomp.TypeCheck,ensureTyped,1679
66,com.google.javascript.jscomp.TypeCheck,ensureTyped,1680
66,com.google.javascript.jscomp.TypeCheck,ensureTyped,1706
66,com.google.javascript.jscomp.TypeCheck,ensureTyped,1709
66,com.google.javascript.jscomp.TypeCheck,ensureTyped,1710
66,com.google.javascript.jscomp.TypeCheck,ensureTyped,1711
66,com.google.javascript.jscomp.TypeCheck,ensureTyped,1712
66,com.google.javascript.jscomp.TypeCheck,ensureTyped,1713
66,com.google.javascript.jscomp.TypeCheck,ensureTyped,1714
66,com.google.javascript.jscomp.TypeCheck,ensureTyped,1717
66,com.google.javascript.jscomp.TypeCheck,ensureTyped,1725
66,com.google.javascript.jscomp.TypeCheck,ensureTyped,1728
66,com.google.javascript.jscomp.TypeCheck,ensureTyped,1683
66,com.google.javascript.jscomp.TypeCheck,ensureTyped,1684
66,com.google.javascript.jscomp.TypeCheck,getFunctionType,1658
66,com.google.javascript.jscomp.TypeCheck,getFunctionType,1659
66,com.google.javascript.jscomp.TypeCheck,getFunctionType,1661
66,com.google.javascript.jscomp.TypeCheck,getFunctionType,1662
66,com.google.javascript.jscomp.TypeCheck,getJSType,1641
66,com.google.javascript.jscomp.TypeCheck,getJSType,1642
66,com.google.javascript.jscomp.TypeCheck,getJSType,1649
66,com.google.javascript.jscomp.TypeCheck,getNativeType,1744
66,com.google.javascript.jscomp.TypeCheck,process,333
66,com.google.javascript.jscomp.TypeCheck,process,334
66,com.google.javascript.jscomp.TypeCheck,process,336
66,com.google.javascript.jscomp.TypeCheck,process,337
66,com.google.javascript.jscomp.TypeCheck,process,338
66,com.google.javascript.jscomp.TypeCheck,process,341
66,com.google.javascript.jscomp.TypeCheck,process,342
66,com.google.javascript.jscomp.TypeCheck,process,344
66,com.google.javascript.jscomp.TypeCheck,process,345
66,com.google.javascript.jscomp.TypeCheck,processForTesting,349
66,com.google.javascript.jscomp.TypeCheck,processForTesting,350
66,com.google.javascript.jscomp.TypeCheck,processForTesting,352
66,com.google.javascript.jscomp.TypeCheck,processForTesting,353
66,com.google.javascript.jscomp.TypeCheck,processForTesting,355
66,com.google.javascript.jscomp.TypeCheck,processForTesting,356
66,com.google.javascript.jscomp.TypeCheck,processForTesting,358
66,com.google.javascript.jscomp.TypeCheck,processForTesting,361
66,com.google.javascript.jscomp.TypeCheck,processForTesting,362
66,com.google.javascript.jscomp.TypeCheck,processForTesting,364
66,com.google.javascript.jscomp.TypeCheck,shouldTraverse,411
66,com.google.javascript.jscomp.TypeCheck,shouldTraverse,412
66,com.google.javascript.jscomp.TypeCheck,shouldTraverse,415
66,com.google.javascript.jscomp.TypeCheck,shouldTraverse,416
66,com.google.javascript.jscomp.TypeCheck,shouldTraverse,417
66,com.google.javascript.jscomp.TypeCheck,shouldTraverse,418
66,com.google.javascript.jscomp.TypeCheck,shouldTraverse,419
66,com.google.javascript.jscomp.TypeCheck,shouldTraverse,434
66,com.google.javascript.jscomp.TypeCheck,visit,452
66,com.google.javascript.jscomp.TypeCheck,visit,454
66,com.google.javascript.jscomp.TypeCheck,visit,456
66,com.google.javascript.jscomp.TypeCheck,visit,457
66,com.google.javascript.jscomp.TypeCheck,visit,462
66,com.google.javascript.jscomp.TypeCheck,visit,465
66,com.google.javascript.jscomp.TypeCheck,visit,467
66,com.google.javascript.jscomp.TypeCheck,visit,507
66,com.google.javascript.jscomp.TypeCheck,visit,508
66,com.google.javascript.jscomp.TypeCheck,visit,519
66,com.google.javascript.jscomp.TypeCheck,visit,520
66,com.google.javascript.jscomp.TypeCheck,visit,522
66,com.google.javascript.jscomp.TypeCheck,visit,538
66,com.google.javascript.jscomp.TypeCheck,visit,539
66,com.google.javascript.jscomp.TypeCheck,visit,540
66,com.google.javascript.jscomp.TypeCheck,visit,548
66,com.google.javascript.jscomp.TypeCheck,visit,549
66,com.google.javascript.jscomp.TypeCheck,visit,550
66,com.google.javascript.jscomp.TypeCheck,visit,732
66,com.google.javascript.jscomp.TypeCheck,visit,733
66,com.google.javascript.jscomp.TypeCheck,visit,750
66,com.google.javascript.jscomp.TypeCheck,visit,751
66,com.google.javascript.jscomp.TypeCheck,visit,786
66,com.google.javascript.jscomp.TypeCheck,visit,788
66,com.google.javascript.jscomp.TypeCheck,visit,789
66,com.google.javascript.jscomp.TypeCheck,visit,792
66,com.google.javascript.jscomp.TypeCheck,visit,793
66,com.google.javascript.jscomp.TypeCheck,visitFunction,1345
66,com.google.javascript.jscomp.TypeCheck,visitFunction,1347
66,com.google.javascript.jscomp.TypeCheck,visitFunction,1348
66,com.google.javascript.jscomp.TypeCheck,visitFunction,1349
66,com.google.javascript.jscomp.TypeCheck,visitFunction,1350
66,com.google.javascript.jscomp.TypeCheck,visitFunction,1352
66,com.google.javascript.jscomp.TypeCheck,visitFunction,1360
66,com.google.javascript.jscomp.TypeCheck,visitFunction,1377
66,com.google.javascript.jscomp.TypeCheck,visitFunction,1378
66,com.google.javascript.jscomp.TypeCheck,visitFunction,1381
66,com.google.javascript.jscomp.TypeCheck,visitGetProp,1169
66,com.google.javascript.jscomp.TypeCheck,visitGetProp,1177
66,com.google.javascript.jscomp.TypeCheck,visitGetProp,1178
66,com.google.javascript.jscomp.TypeCheck,visitGetProp,1179
66,com.google.javascript.jscomp.TypeCheck,visitGetProp,1183
66,com.google.javascript.jscomp.TypeCheck,visitGetProp,1189
66,com.google.javascript.jscomp.TypeCheck,visitGetProp,1190
66,com.google.javascript.jscomp.TypeCheck,visitGetProp,1191
66,com.google.javascript.jscomp.TypeCheck,visitName,1134
66,com.google.javascript.jscomp.TypeCheck,visitName,1135
66,com.google.javascript.jscomp.TypeCheck,visitName,1139
66,com.google.javascript.jscomp.TypeCheck,visitName,1142
66,com.google.javascript.jscomp.TypeCheck,visitName,1143
66,com.google.javascript.jscomp.TypeCheck,visitName,1153
66,com.google.javascript.jscomp.TypeCheck,visitName,1154
66,com.google.javascript.jscomp.TypeCheck,visitNew,1314
66,com.google.javascript.jscomp.TypeCheck,visitNew,1315
66,com.google.javascript.jscomp.TypeCheck,visitNew,1316
66,com.google.javascript.jscomp.TypeCheck,visitNew,1317
66,com.google.javascript.jscomp.TypeCheck,visitNew,1318
66,com.google.javascript.jscomp.TypeCheck,visitNew,1335
66,com.google.javascript.jscomp.TypeCheck,visitParameterList,1427
66,com.google.javascript.jscomp.TypeCheck,visitParameterList,1428
66,com.google.javascript.jscomp.TypeCheck,visitParameterList,1430
66,com.google.javascript.jscomp.TypeCheck,visitParameterList,1431
66,com.google.javascript.jscomp.TypeCheck,visitParameterList,1432
66,com.google.javascript.jscomp.TypeCheck,visitParameterList,1433
66,com.google.javascript.jscomp.TypeCheck,visitParameterList,1434
66,com.google.javascript.jscomp.TypeCheck,visitParameterList,1449
66,com.google.javascript.jscomp.TypeCheck,visitParameterList,1450
66,com.google.javascript.jscomp.TypeCheck,visitParameterList,1451
66,com.google.javascript.jscomp.TypeCheck,visitParameterList,1452
66,com.google.javascript.jscomp.TypeCheck,visitParameterList,1459
66,com.google.javascript.jscomp.TypeCheck,visitReturn,1469
66,com.google.javascript.jscomp.TypeCheck,visitReturn,1473
66,com.google.javascript.jscomp.TypeCheck,visitReturn,1476
66,com.google.javascript.jscomp.TypeCheck,visitReturn,1478
66,com.google.javascript.jscomp.TypeCheck,visitReturn,1479
66,com.google.javascript.jscomp.TypeCheck,visitReturn,1481
66,com.google.javascript.jscomp.TypeCheck,visitReturn,1485
66,com.google.javascript.jscomp.TypeCheck,visitReturn,1490
66,com.google.javascript.jscomp.TypeCheck,visitReturn,1492
66,com.google.javascript.jscomp.TypeCheck,visitReturn,1496
66,com.google.javascript.jscomp.TypeCheck,visitReturn,1500
66,com.google.javascript.jscomp.TypeCheck,visitReturn,1503
66,com.google.javascript.jscomp.TypeInference,<clinit>,65
66,com.google.javascript.jscomp.TypeInference,<clinit>,70
66,com.google.javascript.jscomp.TypeInference,<clinit>,76
66,com.google.javascript.jscomp.TypeInference,<clinit>,81
66,com.google.javascript.jscomp.TypeInference,<init>,98
66,com.google.javascript.jscomp.TypeInference,<init>,104
66,com.google.javascript.jscomp.TypeInference,<init>,124
66,com.google.javascript.jscomp.TypeInference,<init>,125
66,com.google.javascript.jscomp.TypeInference,<init>,126
66,com.google.javascript.jscomp.TypeInference,<init>,127
66,com.google.javascript.jscomp.TypeInference,<init>,128
66,com.google.javascript.jscomp.TypeInference,<init>,129
66,com.google.javascript.jscomp.TypeInference,<init>,130
66,com.google.javascript.jscomp.TypeInference,<init>,132
66,com.google.javascript.jscomp.TypeInference,<init>,139
66,com.google.javascript.jscomp.TypeInference,<init>,140
66,com.google.javascript.jscomp.TypeInference,<init>,141
66,com.google.javascript.jscomp.TypeInference,<init>,142
66,com.google.javascript.jscomp.TypeInference,<init>,148
66,com.google.javascript.jscomp.TypeInference,<init>,155
66,com.google.javascript.jscomp.TypeInference,<init>,157
66,com.google.javascript.jscomp.TypeInference,<init>,159
66,com.google.javascript.jscomp.TypeInference,branchedFlowThrough,200
66,com.google.javascript.jscomp.TypeInference,branchedFlowThrough,201
66,com.google.javascript.jscomp.TypeInference,branchedFlowThrough,202
66,com.google.javascript.jscomp.TypeInference,branchedFlowThrough,203
66,com.google.javascript.jscomp.TypeInference,branchedFlowThrough,205
66,com.google.javascript.jscomp.TypeInference,branchedFlowThrough,206
66,com.google.javascript.jscomp.TypeInference,branchedFlowThrough,207
66,com.google.javascript.jscomp.TypeInference,branchedFlowThrough,208
66,com.google.javascript.jscomp.TypeInference,branchedFlowThrough,209
66,com.google.javascript.jscomp.TypeInference,branchedFlowThrough,211
66,com.google.javascript.jscomp.TypeInference,branchedFlowThrough,301
66,com.google.javascript.jscomp.TypeInference,branchedFlowThrough,302
66,com.google.javascript.jscomp.TypeInference,branchedFlowThrough,303
66,com.google.javascript.jscomp.TypeInference,createEntryLattice,168
66,com.google.javascript.jscomp.TypeInference,createInitialEstimateLattice,163
66,com.google.javascript.jscomp.TypeInference,dereferencePointer,1044
66,com.google.javascript.jscomp.TypeInference,dereferencePointer,1045
66,com.google.javascript.jscomp.TypeInference,dereferencePointer,1046
66,com.google.javascript.jscomp.TypeInference,dereferencePointer,1047
66,com.google.javascript.jscomp.TypeInference,dereferencePointer,1052
66,com.google.javascript.jscomp.TypeInference,ensurePropertyDeclared,600
66,com.google.javascript.jscomp.TypeInference,ensurePropertyDeclared,602
66,com.google.javascript.jscomp.TypeInference,ensurePropertyDeclared,603
66,com.google.javascript.jscomp.TypeInference,ensurePropertyDeclared,605
66,com.google.javascript.jscomp.TypeInference,ensurePropertyDeclaredHelper,613
66,com.google.javascript.jscomp.TypeInference,ensurePropertyDeclaredHelper,614
66,com.google.javascript.jscomp.TypeInference,ensurePropertyDeclaredHelper,615
66,com.google.javascript.jscomp.TypeInference,ensurePropertyDeclaredHelper,616
66,com.google.javascript.jscomp.TypeInference,ensurePropertyDeclaredHelper,617
66,com.google.javascript.jscomp.TypeInference,ensurePropertyDeclaredHelper,619
66,com.google.javascript.jscomp.TypeInference,ensurePropertyDeclaredHelper,629
66,com.google.javascript.jscomp.TypeInference,ensurePropertyDefined,549
66,com.google.javascript.jscomp.TypeInference,ensurePropertyDefined,550
66,com.google.javascript.jscomp.TypeInference,ensurePropertyDefined,551
66,com.google.javascript.jscomp.TypeInference,ensurePropertyDefined,553
66,com.google.javascript.jscomp.TypeInference,ensurePropertyDefined,556
66,com.google.javascript.jscomp.TypeInference,ensurePropertyDefined,560
66,com.google.javascript.jscomp.TypeInference,ensurePropertyDefined,590
66,com.google.javascript.jscomp.TypeInference,flowThrough,183
66,com.google.javascript.jscomp.TypeInference,flowThrough,187
66,com.google.javascript.jscomp.TypeInference,flowThrough,188
66,com.google.javascript.jscomp.TypeInference,flowThrough,189
66,com.google.javascript.jscomp.TypeInference,flowThrough,63
66,com.google.javascript.jscomp.TypeInference,getAssignedOuterLocalVars,176
66,com.google.javascript.jscomp.TypeInference,getJSType,1290
66,com.google.javascript.jscomp.TypeInference,getJSType,1291
66,com.google.javascript.jscomp.TypeInference,getJSType,1298
66,com.google.javascript.jscomp.TypeInference,getNativeType,1303
66,com.google.javascript.jscomp.TypeInference,getPropertyType,1058
66,com.google.javascript.jscomp.TypeInference,getPropertyType,1059
66,com.google.javascript.jscomp.TypeInference,getPropertyType,1060
66,com.google.javascript.jscomp.TypeInference,getPropertyType,1061
66,com.google.javascript.jscomp.TypeInference,getPropertyType,1062
66,com.google.javascript.jscomp.TypeInference,getPropertyType,1063
66,com.google.javascript.jscomp.TypeInference,getPropertyType,1069
66,com.google.javascript.jscomp.TypeInference,traverse,307
66,com.google.javascript.jscomp.TypeInference,traverse,313
66,com.google.javascript.jscomp.TypeInference,traverse,314
66,com.google.javascript.jscomp.TypeInference,traverse,317
66,com.google.javascript.jscomp.TypeInference,traverse,318
66,com.google.javascript.jscomp.TypeInference,traverse,343
66,com.google.javascript.jscomp.TypeInference,traverse,344
66,com.google.javascript.jscomp.TypeInference,traverse,428
66,com.google.javascript.jscomp.TypeInference,traverse,429
66,com.google.javascript.jscomp.TypeInference,traverse,430
66,com.google.javascript.jscomp.TypeInference,traverse,441
66,com.google.javascript.jscomp.TypeInference,traverse,442
66,com.google.javascript.jscomp.TypeInference,traverse,448
66,com.google.javascript.jscomp.TypeInference,traverse,449
66,com.google.javascript.jscomp.TypeInference,traverse,450
66,com.google.javascript.jscomp.TypeInference,traverse,451
66,com.google.javascript.jscomp.TypeInference,traverse,456
66,com.google.javascript.jscomp.TypeInference,traverse,458
66,com.google.javascript.jscomp.TypeInference,traverse,461
66,com.google.javascript.jscomp.TypeInference,traverse,465
66,com.google.javascript.jscomp.TypeInference,traverseChildren,1010
66,com.google.javascript.jscomp.TypeInference,traverseChildren,1011
66,com.google.javascript.jscomp.TypeInference,traverseChildren,1013
66,com.google.javascript.jscomp.TypeInference,traverseGetProp,1030
66,com.google.javascript.jscomp.TypeInference,traverseGetProp,1031
66,com.google.javascript.jscomp.TypeInference,traverseGetProp,1032
66,com.google.javascript.jscomp.TypeInference,traverseGetProp,1033
66,com.google.javascript.jscomp.TypeInference,traverseGetProp,1036
66,com.google.javascript.jscomp.TypeInference,traverseName,633
66,com.google.javascript.jscomp.TypeInference,traverseName,634
66,com.google.javascript.jscomp.TypeInference,traverseName,635
66,com.google.javascript.jscomp.TypeInference,traverseName,636
66,com.google.javascript.jscomp.TypeInference,traverseName,642
66,com.google.javascript.jscomp.TypeInference,traverseName,643
66,com.google.javascript.jscomp.TypeInference,traverseName,649
66,com.google.javascript.jscomp.TypeInference,traverseName,650
66,com.google.javascript.jscomp.TypeInference,traverseName,656
66,com.google.javascript.jscomp.TypeInference,traverseName,661
66,com.google.javascript.jscomp.TypeInference,traverseName,662
66,com.google.javascript.jscomp.TypeInference,traverseName,663
66,com.google.javascript.jscomp.TypeInference,traverseName,669
66,com.google.javascript.jscomp.TypeInference,traverseName,670
66,com.google.javascript.jscomp.TypeInference,traverseNew,981
66,com.google.javascript.jscomp.TypeInference,traverseNew,982
66,com.google.javascript.jscomp.TypeInference,traverseNew,984
66,com.google.javascript.jscomp.TypeInference,traverseNew,985
66,com.google.javascript.jscomp.TypeInference,traverseNew,986
66,com.google.javascript.jscomp.TypeInference,traverseNew,987
66,com.google.javascript.jscomp.TypeInference,traverseNew,988
66,com.google.javascript.jscomp.TypeInference,traverseNew,990
66,com.google.javascript.jscomp.TypeInference,traverseNew,991
66,com.google.javascript.jscomp.TypeInference,traverseNew,992
66,com.google.javascript.jscomp.TypeInference,traverseNew,993
66,com.google.javascript.jscomp.TypeInference,traverseNew,997
66,com.google.javascript.jscomp.TypeInference,traverseNew,999
66,com.google.javascript.jscomp.TypeInference,traverseNew,1002
66,com.google.javascript.jscomp.TypeInference,updateScopeForTypeChange,499
66,com.google.javascript.jscomp.TypeInference,updateScopeForTypeChange,500
66,com.google.javascript.jscomp.TypeInference,updateScopeForTypeChange,532
66,com.google.javascript.jscomp.TypeInference,updateScopeForTypeChange,533
66,com.google.javascript.jscomp.TypeInference,updateScopeForTypeChange,534
66,com.google.javascript.jscomp.TypeInference,updateScopeForTypeChange,539
66,com.google.javascript.jscomp.TypeInference,updateScopeForTypeChange,540
66,com.google.javascript.jscomp.TypeInference,updateScopeForTypeChange,543
66,com.google.javascript.jscomp.TypeInference$1,<clinit>,211
66,com.google.javascript.jscomp.TypeInferencePass,<clinit>,39
66,com.google.javascript.jscomp.TypeInferencePass,<init>,53
66,com.google.javascript.jscomp.TypeInferencePass,<init>,57
66,com.google.javascript.jscomp.TypeInferencePass,<init>,58
66,com.google.javascript.jscomp.TypeInferencePass,<init>,59
66,com.google.javascript.jscomp.TypeInferencePass,<init>,60
66,com.google.javascript.jscomp.TypeInferencePass,<init>,61
66,com.google.javascript.jscomp.TypeInferencePass,<init>,63
66,com.google.javascript.jscomp.TypeInferencePass,<init>,65
66,com.google.javascript.jscomp.TypeInferencePass,<init>,66
66,com.google.javascript.jscomp.TypeInferencePass,<init>,68
66,com.google.javascript.jscomp.TypeInferencePass,<init>,69
66,com.google.javascript.jscomp.TypeInferencePass,computeCfg,146
66,com.google.javascript.jscomp.TypeInferencePass,computeCfg,147
66,com.google.javascript.jscomp.TypeInferencePass,computeCfg,148
66,com.google.javascript.jscomp.TypeInferencePass,getUnflowableVars,94
66,com.google.javascript.jscomp.TypeInferencePass,getUnflowableVars,95
66,com.google.javascript.jscomp.TypeInferencePass,getUnflowableVars,96
66,com.google.javascript.jscomp.TypeInferencePass,getUnflowableVars,97
66,com.google.javascript.jscomp.TypeInferencePass,getUnflowableVars,99
66,com.google.javascript.jscomp.TypeInferencePass,inferTypes,103
66,com.google.javascript.jscomp.TypeInferencePass,inferTypes,108
66,com.google.javascript.jscomp.TypeInferencePass,inferTypes,109
66,com.google.javascript.jscomp.TypeInferencePass,inferTypes,112
66,com.google.javascript.jscomp.TypeInferencePass,inferTypes,116
66,com.google.javascript.jscomp.TypeInferencePass,inferTypes,117
66,com.google.javascript.jscomp.TypeInferencePass,inferTypes,88
66,com.google.javascript.jscomp.TypeInferencePass,inferTypes,90
66,com.google.javascript.jscomp.TypeInferencePass,inferTypes,91
66,com.google.javascript.jscomp.TypeInferencePass,process,78
66,com.google.javascript.jscomp.TypeInferencePass,process,79
66,com.google.javascript.jscomp.TypeInferencePass,process,80
66,com.google.javascript.jscomp.TypeInferencePass,process,83
66,com.google.javascript.jscomp.TypeInferencePass,process,84
66,com.google.javascript.jscomp.TypeInferencePass$TypeInferringCallback,<init>,119
66,com.google.javascript.jscomp.TypeInferencePass$TypeInferringCallback,enterScope,121
66,com.google.javascript.jscomp.TypeInferencePass$TypeInferringCallback,enterScope,122
66,com.google.javascript.jscomp.TypeInferencePass$TypeInferringCallback,enterScope,123
66,com.google.javascript.jscomp.TypeInferencePass$TypeInferringCallback,enterScope,124
66,com.google.javascript.jscomp.TypeInferencePass$TypeInferringCallback,enterScope,126
66,com.google.javascript.jscomp.TypeInferencePass$TypeInferringCallback,exitScope,129
66,com.google.javascript.jscomp.TypeInferencePass$TypeInferringCallback,exitScope,130
66,com.google.javascript.jscomp.TypeInferencePass$TypeInferringCallback,exitScope,131
66,com.google.javascript.jscomp.TypeInferencePass$TypeInferringCallback,exitScope,132
66,com.google.javascript.jscomp.TypeInferencePass$TypeInferringCallback,exitScope,134
66,com.google.javascript.jscomp.TypeInferencePass$TypeInferringCallback,shouldTraverse,137
66,com.google.javascript.jscomp.TypeInferencePass$TypeInferringCallback,visit,142
66,com.google.javascript.jscomp.TypeValidator,<clinit>,77
66,com.google.javascript.jscomp.TypeValidator,<clinit>,83
66,com.google.javascript.jscomp.TypeValidator,<clinit>,88
66,com.google.javascript.jscomp.TypeValidator,<clinit>,93
66,com.google.javascript.jscomp.TypeValidator,<clinit>,98
66,com.google.javascript.jscomp.TypeValidator,<clinit>,105
66,com.google.javascript.jscomp.TypeValidator,<clinit>,110
66,com.google.javascript.jscomp.TypeValidator,<init>,63
66,com.google.javascript.jscomp.TypeValidator,<init>,69
66,com.google.javascript.jscomp.TypeValidator,<init>,118
66,com.google.javascript.jscomp.TypeValidator,<init>,119
66,com.google.javascript.jscomp.TypeValidator,<init>,120
66,com.google.javascript.jscomp.TypeValidator,<init>,121
66,com.google.javascript.jscomp.TypeValidator,<init>,123
66,com.google.javascript.jscomp.TypeValidator,<init>,125
66,com.google.javascript.jscomp.TypeValidator,expectAllInterfacePropertiesImplemented,559
66,com.google.javascript.jscomp.TypeValidator,expectAllInterfacePropertiesImplemented,560
66,com.google.javascript.jscomp.TypeValidator,expectAllInterfacePropertiesImplemented,579
66,com.google.javascript.jscomp.TypeValidator,expectCanAssignTo,363
66,com.google.javascript.jscomp.TypeValidator,expectCanAssignTo,373
66,com.google.javascript.jscomp.TypeValidator,expectCanCast,473
66,com.google.javascript.jscomp.TypeValidator,expectCanCast,474
66,com.google.javascript.jscomp.TypeValidator,expectCanCast,476
66,com.google.javascript.jscomp.TypeValidator,expectCanCast,484
66,com.google.javascript.jscomp.TypeValidator,expectNotNullOrUndefined,235
66,com.google.javascript.jscomp.TypeValidator,expectNotNullOrUndefined,258
66,com.google.javascript.jscomp.TypeValidator,expectUndeclaredVariable,499
66,com.google.javascript.jscomp.TypeValidator,expectUndeclaredVariable,500
66,com.google.javascript.jscomp.TypeValidator,expectUndeclaredVariable,509
66,com.google.javascript.jscomp.TypeValidator,expectUndeclaredVariable,514
66,com.google.javascript.jscomp.TypeValidator,expectUndeclaredVariable,523
66,com.google.javascript.jscomp.TypeValidator,expectUndeclaredVariable,524
66,com.google.javascript.jscomp.TypeValidator,expectUndeclaredVariable,525
66,com.google.javascript.jscomp.TypeValidator,expectUndeclaredVariable,530
66,com.google.javascript.jscomp.TypeValidator,expectUndeclaredVariable,531
66,com.google.javascript.jscomp.TypeValidator,expectUndeclaredVariable,552
66,com.google.javascript.jscomp.TypeValidator,setShouldReport,138
66,com.google.javascript.jscomp.TypeValidator,setShouldReport,139
66,com.google.javascript.jscomp.TypedScopeCreator,<clinit>,91
66,com.google.javascript.jscomp.TypedScopeCreator,<clinit>,96
66,com.google.javascript.jscomp.TypedScopeCreator,<clinit>,101
66,com.google.javascript.jscomp.TypedScopeCreator,<clinit>,106
66,com.google.javascript.jscomp.TypedScopeCreator,<clinit>,111
66,com.google.javascript.jscomp.TypedScopeCreator,<clinit>,116
66,com.google.javascript.jscomp.TypedScopeCreator,<clinit>,121
66,com.google.javascript.jscomp.TypedScopeCreator,<clinit>,126
66,com.google.javascript.jscomp.TypedScopeCreator,<init>,163
66,com.google.javascript.jscomp.TypedScopeCreator,<init>,164
66,com.google.javascript.jscomp.TypedScopeCreator,<init>,136
66,com.google.javascript.jscomp.TypedScopeCreator,<init>,167
66,com.google.javascript.jscomp.TypedScopeCreator,<init>,168
66,com.google.javascript.jscomp.TypedScopeCreator,<init>,169
66,com.google.javascript.jscomp.TypedScopeCreator,<init>,170
66,com.google.javascript.jscomp.TypedScopeCreator,<init>,171
66,com.google.javascript.jscomp.TypedScopeCreator,<init>,172
66,com.google.javascript.jscomp.TypedScopeCreator,<init>,173
66,com.google.javascript.jscomp.TypedScopeCreator,access$1000,87
66,com.google.javascript.jscomp.TypedScopeCreator,createInitialScope,231
66,com.google.javascript.jscomp.TypedScopeCreator,createInitialScope,234
66,com.google.javascript.jscomp.TypedScopeCreator,createInitialScope,235
66,com.google.javascript.jscomp.TypedScopeCreator,createInitialScope,236
66,com.google.javascript.jscomp.TypedScopeCreator,createInitialScope,237
66,com.google.javascript.jscomp.TypedScopeCreator,createInitialScope,238
66,com.google.javascript.jscomp.TypedScopeCreator,createInitialScope,239
66,com.google.javascript.jscomp.TypedScopeCreator,createInitialScope,240
66,com.google.javascript.jscomp.TypedScopeCreator,createInitialScope,241
66,com.google.javascript.jscomp.TypedScopeCreator,createInitialScope,242
66,com.google.javascript.jscomp.TypedScopeCreator,createInitialScope,243
66,com.google.javascript.jscomp.TypedScopeCreator,createInitialScope,244
66,com.google.javascript.jscomp.TypedScopeCreator,createInitialScope,245
66,com.google.javascript.jscomp.TypedScopeCreator,createInitialScope,246
66,com.google.javascript.jscomp.TypedScopeCreator,createInitialScope,247
66,com.google.javascript.jscomp.TypedScopeCreator,createInitialScope,248
66,com.google.javascript.jscomp.TypedScopeCreator,createInitialScope,249
66,com.google.javascript.jscomp.TypedScopeCreator,createInitialScope,250
66,com.google.javascript.jscomp.TypedScopeCreator,createInitialScope,255
66,com.google.javascript.jscomp.TypedScopeCreator,createInitialScope,260
66,com.google.javascript.jscomp.TypedScopeCreator,createInitialScope,262
66,com.google.javascript.jscomp.TypedScopeCreator,createScope,183
66,com.google.javascript.jscomp.TypedScopeCreator,createScope,184
66,com.google.javascript.jscomp.TypedScopeCreator,createScope,185
66,com.google.javascript.jscomp.TypedScopeCreator,createScope,187
66,com.google.javascript.jscomp.TypedScopeCreator,createScope,189
66,com.google.javascript.jscomp.TypedScopeCreator,createScope,190
66,com.google.javascript.jscomp.TypedScopeCreator,createScope,191
66,com.google.javascript.jscomp.TypedScopeCreator,createScope,192
66,com.google.javascript.jscomp.TypedScopeCreator,createScope,193
66,com.google.javascript.jscomp.TypedScopeCreator,createScope,194
66,com.google.javascript.jscomp.TypedScopeCreator,createScope,195
66,com.google.javascript.jscomp.TypedScopeCreator,createScope,196
66,com.google.javascript.jscomp.TypedScopeCreator,createScope,199
66,com.google.javascript.jscomp.TypedScopeCreator,createScope,200
66,com.google.javascript.jscomp.TypedScopeCreator,createScope,205
66,com.google.javascript.jscomp.TypedScopeCreator,createScope,206
66,com.google.javascript.jscomp.TypedScopeCreator,createScope,207
66,com.google.javascript.jscomp.TypedScopeCreator,createScope,208
66,com.google.javascript.jscomp.TypedScopeCreator,createScope,209
66,com.google.javascript.jscomp.TypedScopeCreator,createScope,210
66,com.google.javascript.jscomp.TypedScopeCreator,createScope,215
66,com.google.javascript.jscomp.TypedScopeCreator,createScope,217
66,com.google.javascript.jscomp.TypedScopeCreator,createScope,218
66,com.google.javascript.jscomp.TypedScopeCreator,createScope,221
66,com.google.javascript.jscomp.TypedScopeCreator,declareNativeFunctionType,266
66,com.google.javascript.jscomp.TypedScopeCreator,declareNativeFunctionType,267
66,com.google.javascript.jscomp.TypedScopeCreator,declareNativeFunctionType,268
66,com.google.javascript.jscomp.TypedScopeCreator,declareNativeFunctionType,270
66,com.google.javascript.jscomp.TypedScopeCreator,declareNativeType,278
66,com.google.javascript.jscomp.TypedScopeCreator,declareNativeType,279
66,com.google.javascript.jscomp.TypedScopeCreator,declareNativeValueType,274
66,com.google.javascript.jscomp.TypedScopeCreator,declareNativeValueType,275
66,com.google.javascript.jscomp.TypedScopeCreator,getNativeType,354
66,com.google.javascript.jscomp.TypedScopeCreator$AbstractScopeBuilder,<init>,365
66,com.google.javascript.jscomp.TypedScopeCreator$AbstractScopeBuilder,<init>,371
66,com.google.javascript.jscomp.TypedScopeCreator$AbstractScopeBuilder,<init>,379
66,com.google.javascript.jscomp.TypedScopeCreator$AbstractScopeBuilder,<init>,385
66,com.google.javascript.jscomp.TypedScopeCreator$AbstractScopeBuilder,<init>,387
66,com.google.javascript.jscomp.TypedScopeCreator$AbstractScopeBuilder,<init>,388
66,com.google.javascript.jscomp.TypedScopeCreator$AbstractScopeBuilder,<init>,389
66,com.google.javascript.jscomp.TypedScopeCreator$AbstractScopeBuilder,assertDefinitionNode,645
66,com.google.javascript.jscomp.TypedScopeCreator$AbstractScopeBuilder,assertDefinitionNode,646
66,com.google.javascript.jscomp.TypedScopeCreator$AbstractScopeBuilder,assertDefinitionNode,647
66,com.google.javascript.jscomp.TypedScopeCreator$AbstractScopeBuilder,attachLiteralTypes,481
66,com.google.javascript.jscomp.TypedScopeCreator$AbstractScopeBuilder,attachLiteralTypes,491
66,com.google.javascript.jscomp.TypedScopeCreator$AbstractScopeBuilder,attachLiteralTypes,492
66,com.google.javascript.jscomp.TypedScopeCreator$AbstractScopeBuilder,attachLiteralTypes,518
66,com.google.javascript.jscomp.TypedScopeCreator$AbstractScopeBuilder,defineDeclaredFunction,683
66,com.google.javascript.jscomp.TypedScopeCreator$AbstractScopeBuilder,defineDeclaredFunction,685
66,com.google.javascript.jscomp.TypedScopeCreator$AbstractScopeBuilder,defineDeclaredFunction,686
66,com.google.javascript.jscomp.TypedScopeCreator$AbstractScopeBuilder,defineDeclaredFunction,687
66,com.google.javascript.jscomp.TypedScopeCreator$AbstractScopeBuilder,defineDeclaredFunction,692
66,com.google.javascript.jscomp.TypedScopeCreator$AbstractScopeBuilder,defineDeclaredFunction,693
66,com.google.javascript.jscomp.TypedScopeCreator$AbstractScopeBuilder,defineDeclaredFunction,695
66,com.google.javascript.jscomp.TypedScopeCreator$AbstractScopeBuilder,defineDeclaredFunction,696
66,com.google.javascript.jscomp.TypedScopeCreator$AbstractScopeBuilder,defineDeclaredFunction,698
66,com.google.javascript.jscomp.TypedScopeCreator$AbstractScopeBuilder,defineSlot,959
66,com.google.javascript.jscomp.TypedScopeCreator$AbstractScopeBuilder,defineSlot,960
66,com.google.javascript.jscomp.TypedScopeCreator$AbstractScopeBuilder,defineSlot,975
66,com.google.javascript.jscomp.TypedScopeCreator$AbstractScopeBuilder,defineSlot,978
66,com.google.javascript.jscomp.TypedScopeCreator$AbstractScopeBuilder,defineSlot,979
66,com.google.javascript.jscomp.TypedScopeCreator$AbstractScopeBuilder,defineSlot,980
66,com.google.javascript.jscomp.TypedScopeCreator$AbstractScopeBuilder,defineSlot,985
66,com.google.javascript.jscomp.TypedScopeCreator$AbstractScopeBuilder,defineSlot,989
66,com.google.javascript.jscomp.TypedScopeCreator$AbstractScopeBuilder,defineSlot,994
66,com.google.javascript.jscomp.TypedScopeCreator$AbstractScopeBuilder,defineSlot,995
66,com.google.javascript.jscomp.TypedScopeCreator$AbstractScopeBuilder,defineSlot,1000
66,com.google.javascript.jscomp.TypedScopeCreator$AbstractScopeBuilder,defineSlot,1001
66,com.google.javascript.jscomp.TypedScopeCreator$AbstractScopeBuilder,defineSlot,1013
66,com.google.javascript.jscomp.TypedScopeCreator$AbstractScopeBuilder,defineSlot,1014
66,com.google.javascript.jscomp.TypedScopeCreator$AbstractScopeBuilder,defineSlot,1015
66,com.google.javascript.jscomp.TypedScopeCreator$AbstractScopeBuilder,defineSlot,1017
66,com.google.javascript.jscomp.TypedScopeCreator$AbstractScopeBuilder,defineSlot,1018
66,com.google.javascript.jscomp.TypedScopeCreator$AbstractScopeBuilder,defineSlot,1019
66,com.google.javascript.jscomp.TypedScopeCreator$AbstractScopeBuilder,defineSlot,1021
66,com.google.javascript.jscomp.TypedScopeCreator$AbstractScopeBuilder,defineSlot,1022
66,com.google.javascript.jscomp.TypedScopeCreator$AbstractScopeBuilder,defineSlot,1023
66,com.google.javascript.jscomp.TypedScopeCreator$AbstractScopeBuilder,defineSlot,1026
66,com.google.javascript.jscomp.TypedScopeCreator$AbstractScopeBuilder,defineSlot,1027
66,com.google.javascript.jscomp.TypedScopeCreator$AbstractScopeBuilder,defineSlot,1029
66,com.google.javascript.jscomp.TypedScopeCreator$AbstractScopeBuilder,defineSlot,1036
66,com.google.javascript.jscomp.TypedScopeCreator$AbstractScopeBuilder,defineSlot,1041
66,com.google.javascript.jscomp.TypedScopeCreator$AbstractScopeBuilder,defineSlot,1044
66,com.google.javascript.jscomp.TypedScopeCreator$AbstractScopeBuilder,defineSlot,1045
66,com.google.javascript.jscomp.TypedScopeCreator$AbstractScopeBuilder,defineSlot,1077
66,com.google.javascript.jscomp.TypedScopeCreator$AbstractScopeBuilder,getDeclaredGetPropType,1104
66,com.google.javascript.jscomp.TypedScopeCreator$AbstractScopeBuilder,getDeclaredGetPropType,1105
66,com.google.javascript.jscomp.TypedScopeCreator$AbstractScopeBuilder,getDeclaredTypeInAnnotation,588
66,com.google.javascript.jscomp.TypedScopeCreator$AbstractScopeBuilder,getDeclaredTypeInAnnotation,593
66,com.google.javascript.jscomp.TypedScopeCreator$AbstractScopeBuilder,getDeclaredTypeInAnnotation,594
66,com.google.javascript.jscomp.TypedScopeCreator$AbstractScopeBuilder,getDeclaredTypeInAnnotation,598
66,com.google.javascript.jscomp.TypedScopeCreator$AbstractScopeBuilder,getDeclaredTypeInAnnotation,599
66,com.google.javascript.jscomp.TypedScopeCreator$AbstractScopeBuilder,getDeclaredTypeInAnnotation,600
66,com.google.javascript.jscomp.TypedScopeCreator$AbstractScopeBuilder,getDeclaredTypeInAnnotation,637
66,com.google.javascript.jscomp.TypedScopeCreator$AbstractScopeBuilder,getFunctionType,790
66,com.google.javascript.jscomp.TypedScopeCreator$AbstractScopeBuilder,getFunctionType,793
66,com.google.javascript.jscomp.TypedScopeCreator$AbstractScopeBuilder,getFunctionType,805
66,com.google.javascript.jscomp.TypedScopeCreator$AbstractScopeBuilder,getFunctionType,806
66,com.google.javascript.jscomp.TypedScopeCreator$AbstractScopeBuilder,getFunctionType,810
66,com.google.javascript.jscomp.TypedScopeCreator$AbstractScopeBuilder,getFunctionType,811
66,com.google.javascript.jscomp.TypedScopeCreator$AbstractScopeBuilder,getFunctionType,813
66,com.google.javascript.jscomp.TypedScopeCreator$AbstractScopeBuilder,getFunctionType,814
66,com.google.javascript.jscomp.TypedScopeCreator$AbstractScopeBuilder,getFunctionType,816
66,com.google.javascript.jscomp.TypedScopeCreator$AbstractScopeBuilder,getFunctionType,818
66,com.google.javascript.jscomp.TypedScopeCreator$AbstractScopeBuilder,getFunctionType,829
66,com.google.javascript.jscomp.TypedScopeCreator$AbstractScopeBuilder,getFunctionType,831
66,com.google.javascript.jscomp.TypedScopeCreator$AbstractScopeBuilder,getFunctionType,832
66,com.google.javascript.jscomp.TypedScopeCreator$AbstractScopeBuilder,getFunctionType,845
66,com.google.javascript.jscomp.TypedScopeCreator$AbstractScopeBuilder,getFunctionType,860
66,com.google.javascript.jscomp.TypedScopeCreator$AbstractScopeBuilder,getFunctionType,861
66,com.google.javascript.jscomp.TypedScopeCreator$AbstractScopeBuilder,getFunctionType,865
66,com.google.javascript.jscomp.TypedScopeCreator$AbstractScopeBuilder,maybeDeclareQualifiedName,1235
66,com.google.javascript.jscomp.TypedScopeCreator$AbstractScopeBuilder,maybeDeclareQualifiedName,1236
66,com.google.javascript.jscomp.TypedScopeCreator$AbstractScopeBuilder,maybeDeclareQualifiedName,1237
66,com.google.javascript.jscomp.TypedScopeCreator$AbstractScopeBuilder,maybeDeclareQualifiedName,1238
66,com.google.javascript.jscomp.TypedScopeCreator$AbstractScopeBuilder,maybeDeclareQualifiedName,1239
66,com.google.javascript.jscomp.TypedScopeCreator$AbstractScopeBuilder,maybeDeclareQualifiedName,1246
66,com.google.javascript.jscomp.TypedScopeCreator$AbstractScopeBuilder,maybeDeclareQualifiedName,1272
66,com.google.javascript.jscomp.TypedScopeCreator$AbstractScopeBuilder,maybeDeclareQualifiedName,1273
66,com.google.javascript.jscomp.TypedScopeCreator$AbstractScopeBuilder,maybeDeclareQualifiedName,1278
66,com.google.javascript.jscomp.TypedScopeCreator$AbstractScopeBuilder,resolveTypes,397
66,com.google.javascript.jscomp.TypedScopeCreator$AbstractScopeBuilder,resolveTypes,398
66,com.google.javascript.jscomp.TypedScopeCreator$AbstractScopeBuilder,resolveTypes,399
66,com.google.javascript.jscomp.TypedScopeCreator$AbstractScopeBuilder,resolveTypes,402
66,com.google.javascript.jscomp.TypedScopeCreator$AbstractScopeBuilder,resolveTypes,403
66,com.google.javascript.jscomp.TypedScopeCreator$AbstractScopeBuilder,resolveTypes,404
66,com.google.javascript.jscomp.TypedScopeCreator$AbstractScopeBuilder,resolveTypes,409
66,com.google.javascript.jscomp.TypedScopeCreator$AbstractScopeBuilder,resolveTypes,410
66,com.google.javascript.jscomp.TypedScopeCreator$AbstractScopeBuilder,setDeferredType,392
66,com.google.javascript.jscomp.TypedScopeCreator$AbstractScopeBuilder,setDeferredType,393
66,com.google.javascript.jscomp.TypedScopeCreator$AbstractScopeBuilder,shouldTraverse,415
66,com.google.javascript.jscomp.TypedScopeCreator$AbstractScopeBuilder,shouldTraverse,417
66,com.google.javascript.jscomp.TypedScopeCreator$AbstractScopeBuilder,shouldTraverse,422
66,com.google.javascript.jscomp.TypedScopeCreator$AbstractScopeBuilder,visit,428
66,com.google.javascript.jscomp.TypedScopeCreator$AbstractScopeBuilder,visit,430
66,com.google.javascript.jscomp.TypedScopeCreator$AbstractScopeBuilder,visit,436
66,com.google.javascript.jscomp.TypedScopeCreator$AbstractScopeBuilder,visit,437
66,com.google.javascript.jscomp.TypedScopeCreator$AbstractScopeBuilder,visit,442
66,com.google.javascript.jscomp.TypedScopeCreator$AbstractScopeBuilder,visit,444
66,com.google.javascript.jscomp.TypedScopeCreator$AbstractScopeBuilder,visit,472
66,com.google.javascript.jscomp.TypedScopeCreator$AbstractScopeBuilder,visit,474
66,com.google.javascript.jscomp.TypedScopeCreator$AbstractScopeBuilder,visit,478
66,com.google.javascript.jscomp.TypedScopeCreator$DeferredSetType,<init>,146
66,com.google.javascript.jscomp.TypedScopeCreator$DeferredSetType,<init>,147
66,com.google.javascript.jscomp.TypedScopeCreator$DeferredSetType,<init>,148
66,com.google.javascript.jscomp.TypedScopeCreator$DeferredSetType,<init>,149
66,com.google.javascript.jscomp.TypedScopeCreator$DeferredSetType,<init>,150
66,com.google.javascript.jscomp.TypedScopeCreator$DeferredSetType,<init>,154
66,com.google.javascript.jscomp.TypedScopeCreator$DeferredSetType,<init>,155
66,com.google.javascript.jscomp.TypedScopeCreator$DeferredSetType,resolve,158
66,com.google.javascript.jscomp.TypedScopeCreator$DeferredSetType,resolve,159
66,com.google.javascript.jscomp.TypedScopeCreator$DiscoverEnumsAndTypedefs,<init>,285
66,com.google.javascript.jscomp.TypedScopeCreator$DiscoverEnumsAndTypedefs,<init>,286
66,com.google.javascript.jscomp.TypedScopeCreator$DiscoverEnumsAndTypedefs,<init>,287
66,com.google.javascript.jscomp.TypedScopeCreator$DiscoverEnumsAndTypedefs,identifyNameNode,317
66,com.google.javascript.jscomp.TypedScopeCreator$DiscoverEnumsAndTypedefs,identifyNameNode,318
66,com.google.javascript.jscomp.TypedScopeCreator$DiscoverEnumsAndTypedefs,identifyNameNode,319
66,com.google.javascript.jscomp.TypedScopeCreator$DiscoverEnumsAndTypedefs,identifyNameNode,321
66,com.google.javascript.jscomp.TypedScopeCreator$DiscoverEnumsAndTypedefs,identifyNameNode,326
66,com.google.javascript.jscomp.TypedScopeCreator$DiscoverEnumsAndTypedefs,identifyNameNode,331
66,com.google.javascript.jscomp.TypedScopeCreator$DiscoverEnumsAndTypedefs,visit,291
66,com.google.javascript.jscomp.TypedScopeCreator$DiscoverEnumsAndTypedefs,visit,292
66,com.google.javascript.jscomp.TypedScopeCreator$DiscoverEnumsAndTypedefs,visit,302
66,com.google.javascript.jscomp.TypedScopeCreator$DiscoverEnumsAndTypedefs,visit,303
66,com.google.javascript.jscomp.TypedScopeCreator$DiscoverEnumsAndTypedefs,visit,308
66,com.google.javascript.jscomp.TypedScopeCreator$DiscoverEnumsAndTypedefs,visit,313
66,com.google.javascript.jscomp.TypedScopeCreator$GlobalScopeBuilder,<init>,1466
66,com.google.javascript.jscomp.TypedScopeCreator$GlobalScopeBuilder,<init>,1467
66,com.google.javascript.jscomp.TypedScopeCreator$GlobalScopeBuilder,<init>,1468
66,com.google.javascript.jscomp.TypedScopeCreator$GlobalScopeBuilder,<init>,1464
66,com.google.javascript.jscomp.TypedScopeCreator$GlobalScopeBuilder,checkForTypedef,1514
66,com.google.javascript.jscomp.TypedScopeCreator$GlobalScopeBuilder,checkForTypedef,1515
66,com.google.javascript.jscomp.TypedScopeCreator$GlobalScopeBuilder,maybeDeclareQualifiedName,1502
66,com.google.javascript.jscomp.TypedScopeCreator$GlobalScopeBuilder,maybeDeclareQualifiedName,1503
66,com.google.javascript.jscomp.TypedScopeCreator$GlobalScopeBuilder,maybeDeclareQualifiedName,1504
66,com.google.javascript.jscomp.TypedScopeCreator$GlobalScopeBuilder,visit,1479
66,com.google.javascript.jscomp.TypedScopeCreator$GlobalScopeBuilder,visit,1481
66,com.google.javascript.jscomp.TypedScopeCreator$GlobalScopeBuilder,visit,1496
66,com.google.javascript.jscomp.TypedScopeCreator$LocalScopeBuilder,<init>,1585
66,com.google.javascript.jscomp.TypedScopeCreator$LocalScopeBuilder,<init>,1586
66,com.google.javascript.jscomp.TypedScopeCreator$LocalScopeBuilder,<init>,1587
66,com.google.javascript.jscomp.TypedScopeCreator$LocalScopeBuilder,<init>,1581
66,com.google.javascript.jscomp.TypedScopeCreator$LocalScopeBuilder,build,1593
66,com.google.javascript.jscomp.TypedScopeCreator$LocalScopeBuilder,build,1594
66,com.google.javascript.jscomp.TypedScopeCreator$LocalScopeBuilder,declareArguments,1641
66,com.google.javascript.jscomp.TypedScopeCreator$LocalScopeBuilder,declareArguments,1642
66,com.google.javascript.jscomp.TypedScopeCreator$LocalScopeBuilder,declareArguments,1643
66,com.google.javascript.jscomp.TypedScopeCreator$LocalScopeBuilder,declareArguments,1644
66,com.google.javascript.jscomp.TypedScopeCreator$LocalScopeBuilder,declareArguments,1645
66,com.google.javascript.jscomp.TypedScopeCreator$LocalScopeBuilder,declareArguments,1646
66,com.google.javascript.jscomp.TypedScopeCreator$LocalScopeBuilder,declareArguments,1647
66,com.google.javascript.jscomp.TypedScopeCreator$LocalScopeBuilder,declareArguments,1648
66,com.google.javascript.jscomp.TypedScopeCreator$LocalScopeBuilder,declareArguments,1649
66,com.google.javascript.jscomp.TypedScopeCreator$LocalScopeBuilder,declareArguments,1650
66,com.google.javascript.jscomp.TypedScopeCreator$LocalScopeBuilder,declareArguments,1652
66,com.google.javascript.jscomp.TypedScopeCreator$LocalScopeBuilder,declareArguments,1656
66,com.google.javascript.jscomp.TypedScopeCreator$LocalScopeBuilder,declareArguments,1659
66,com.google.javascript.jscomp.TypedScopeCreator$LocalScopeBuilder,handleFunctionInputs,1618
66,com.google.javascript.jscomp.TypedScopeCreator$LocalScopeBuilder,handleFunctionInputs,1619
66,com.google.javascript.jscomp.TypedScopeCreator$LocalScopeBuilder,handleFunctionInputs,1620
66,com.google.javascript.jscomp.TypedScopeCreator$LocalScopeBuilder,handleFunctionInputs,1621
66,com.google.javascript.jscomp.TypedScopeCreator$LocalScopeBuilder,handleFunctionInputs,1622
66,com.google.javascript.jscomp.TypedScopeCreator$LocalScopeBuilder,handleFunctionInputs,1634
66,com.google.javascript.jscomp.TypedScopeCreator$LocalScopeBuilder,handleFunctionInputs,1635
66,com.google.javascript.jscomp.TypedScopeCreator$LocalScopeBuilder,visit,1605
66,com.google.javascript.jscomp.TypedScopeCreator$LocalScopeBuilder,visit,1607
66,com.google.javascript.jscomp.TypedScopeCreator$LocalScopeBuilder,visit,1608
66,com.google.javascript.jscomp.TypedScopeCreator$LocalScopeBuilder,visit,1609
66,com.google.javascript.jscomp.TypedScopeCreator$LocalScopeBuilder,visit,1612
66,com.google.javascript.jscomp.TypedScopeCreator$LocalScopeBuilder,visit,1613
66,com.google.javascript.jscomp.VarCheck,<clinit>,36
66,com.google.javascript.jscomp.VarCheck,<clinit>,40
66,com.google.javascript.jscomp.VarCheck,<clinit>,45
66,com.google.javascript.jscomp.VarCheck,<clinit>,50
66,com.google.javascript.jscomp.VarCheck,<clinit>,55
66,com.google.javascript.jscomp.VarCheck,<clinit>,60
66,com.google.javascript.jscomp.VarCheck,<clinit>,65
66,com.google.javascript.jscomp.VariableReferenceCheck,<clinit>,44
66,com.google.javascript.jscomp.VariableReferenceCheck,<clinit>,48
66,com.google.javascript.jscomp.VariableReferenceCheck,<clinit>,52
66,com.google.javascript.jscomp.VariableRenamingPolicy,<clinit>,22
66,com.google.javascript.jscomp.VariableRenamingPolicy,<clinit>,26
66,com.google.javascript.jscomp.VariableRenamingPolicy,<clinit>,31
66,com.google.javascript.jscomp.VariableRenamingPolicy,<clinit>,36
66,com.google.javascript.jscomp.VariableRenamingPolicy,<clinit>,39
66,com.google.javascript.jscomp.WarningsGuard,<init>,43
66,com.google.javascript.jscomp.WarningsGuard,<init>,45
66,com.google.javascript.jscomp.WarningsGuard,getPriority,82
66,com.google.javascript.jscomp.WarningsGuard$Priority,<clinit>,45
66,com.google.javascript.jscomp.WarningsGuard$Priority,<clinit>,46
66,com.google.javascript.jscomp.WarningsGuard$Priority,<clinit>,47
66,com.google.javascript.jscomp.WarningsGuard$Priority,<clinit>,48
66,com.google.javascript.jscomp.WarningsGuard$Priority,<clinit>,49
66,com.google.javascript.jscomp.WarningsGuard$Priority,<clinit>,50
66,com.google.javascript.jscomp.WarningsGuard$Priority,<clinit>,51
66,com.google.javascript.jscomp.WarningsGuard$Priority,<clinit>,52
66,com.google.javascript.jscomp.WarningsGuard$Priority,<init>,56
66,com.google.javascript.jscomp.WarningsGuard$Priority,<init>,57
66,com.google.javascript.jscomp.WarningsGuard$Priority,<init>,58
66,com.google.javascript.jscomp.graph.DiGraph,<init>,28
66,com.google.javascript.jscomp.graph.DiGraph,<init>,122
66,com.google.javascript.jscomp.graph.DiGraph,isConnected,99
66,com.google.javascript.jscomp.graph.Graph,<init>,57
66,com.google.javascript.jscomp.graph.Graph,<init>,293
66,com.google.javascript.jscomp.graph.Graph,connectIfNotFound,120
66,com.google.javascript.jscomp.graph.Graph,connectIfNotFound,121
66,com.google.javascript.jscomp.graph.Graph,connectIfNotFound,123
66,com.google.javascript.jscomp.graph.Graph,getNodeOrFail,208
66,com.google.javascript.jscomp.graph.Graph,getNodeOrFail,209
66,com.google.javascript.jscomp.graph.Graph,getNodeOrFail,212
66,com.google.javascript.jscomp.graph.LinkedDirectedGraph,<init>,44
66,com.google.javascript.jscomp.graph.LinkedDirectedGraph,<init>,71
66,com.google.javascript.jscomp.graph.LinkedDirectedGraph,<init>,72
66,com.google.javascript.jscomp.graph.LinkedDirectedGraph,<init>,73
66,com.google.javascript.jscomp.graph.LinkedDirectedGraph,<init>,74
66,com.google.javascript.jscomp.graph.LinkedDirectedGraph,connect,78
66,com.google.javascript.jscomp.graph.LinkedDirectedGraph,connect,79
66,com.google.javascript.jscomp.graph.LinkedDirectedGraph,connect,80
66,com.google.javascript.jscomp.graph.LinkedDirectedGraph,connect,84
66,com.google.javascript.jscomp.graph.LinkedDirectedGraph,connect,85
66,com.google.javascript.jscomp.graph.LinkedDirectedGraph,connect,86
66,com.google.javascript.jscomp.graph.LinkedDirectedGraph,createDirectedGraphNode,134
66,com.google.javascript.jscomp.graph.LinkedDirectedGraph,createDirectedGraphNode,135
66,com.google.javascript.jscomp.graph.LinkedDirectedGraph,createDirectedGraphNode,136
66,com.google.javascript.jscomp.graph.LinkedDirectedGraph,createDirectedGraphNode,139
66,com.google.javascript.jscomp.graph.LinkedDirectedGraph,createDirectedGraphNode,141
66,com.google.javascript.jscomp.graph.LinkedDirectedGraph,createNode,159
66,com.google.javascript.jscomp.graph.LinkedDirectedGraph,getDirectedGraphNode,112
66,com.google.javascript.jscomp.graph.LinkedDirectedGraph,getDirectedGraphNodes,106
66,com.google.javascript.jscomp.graph.LinkedDirectedGraph,getDirectedPredNodes,212
66,com.google.javascript.jscomp.graph.LinkedDirectedGraph,getDirectedPredNodes,215
66,com.google.javascript.jscomp.graph.LinkedDirectedGraph,getDirectedPredNodes,216
66,com.google.javascript.jscomp.graph.LinkedDirectedGraph,getDirectedPredNodes,217
66,com.google.javascript.jscomp.graph.LinkedDirectedGraph,getDirectedPredNodes,218
66,com.google.javascript.jscomp.graph.LinkedDirectedGraph,getDirectedPredNodes,219
66,com.google.javascript.jscomp.graph.LinkedDirectedGraph,getDirectedSuccNodes,225
66,com.google.javascript.jscomp.graph.LinkedDirectedGraph,getDirectedSuccNodes,228
66,com.google.javascript.jscomp.graph.LinkedDirectedGraph,getDirectedSuccNodes,229
66,com.google.javascript.jscomp.graph.LinkedDirectedGraph,getDirectedSuccNodes,230
66,com.google.javascript.jscomp.graph.LinkedDirectedGraph,getDirectedSuccNodes,231
66,com.google.javascript.jscomp.graph.LinkedDirectedGraph,getDirectedSuccNodes,232
66,com.google.javascript.jscomp.graph.LinkedDirectedGraph,getNode,117
66,com.google.javascript.jscomp.graph.LinkedDirectedGraph,getOutEdges,128
66,com.google.javascript.jscomp.graph.LinkedDirectedGraph,getOutEdges,129
66,com.google.javascript.jscomp.graph.LinkedDirectedGraph,isConnectedInDirection,187
66,com.google.javascript.jscomp.graph.LinkedDirectedGraph,isConnectedInDirection,188
66,com.google.javascript.jscomp.graph.LinkedDirectedGraph,isConnectedInDirection,189
66,com.google.javascript.jscomp.graph.LinkedDirectedGraph,isConnectedInDirection,190
66,com.google.javascript.jscomp.graph.LinkedDirectedGraph,isConnectedInDirection,194
66,com.google.javascript.jscomp.graph.LinkedDirectedGraph,isConnectedInDirection,196
66,com.google.javascript.jscomp.graph.LinkedDirectedGraph,isConnectedInDirection,182
66,com.google.javascript.jscomp.graph.LinkedDirectedGraph$AnnotatedLinkedDirectedGraphNode,<init>,420
66,com.google.javascript.jscomp.graph.LinkedDirectedGraph$AnnotatedLinkedDirectedGraphNode,<init>,421
66,com.google.javascript.jscomp.graph.LinkedDirectedGraph$AnnotatedLinkedDirectedGraphNode,getAnnotation,426
66,com.google.javascript.jscomp.graph.LinkedDirectedGraph$AnnotatedLinkedDirectedGraphNode,setAnnotation,431
66,com.google.javascript.jscomp.graph.LinkedDirectedGraph$AnnotatedLinkedDirectedGraphNode,setAnnotation,432
66,com.google.javascript.jscomp.graph.LinkedDirectedGraph$LinkedDirectedGraphEdge,<init>,454
66,com.google.javascript.jscomp.graph.LinkedDirectedGraph$LinkedDirectedGraphEdge,<init>,455
66,com.google.javascript.jscomp.graph.LinkedDirectedGraph$LinkedDirectedGraphEdge,<init>,456
66,com.google.javascript.jscomp.graph.LinkedDirectedGraph$LinkedDirectedGraphEdge,<init>,457
66,com.google.javascript.jscomp.graph.LinkedDirectedGraph$LinkedDirectedGraphEdge,<init>,458
66,com.google.javascript.jscomp.graph.LinkedDirectedGraph$LinkedDirectedGraphEdge,getDestination,467
66,com.google.javascript.jscomp.graph.LinkedDirectedGraph$LinkedDirectedGraphEdge,getSource,462
66,com.google.javascript.jscomp.graph.LinkedDirectedGraph$LinkedDirectedGraphEdge,getValue,482
66,com.google.javascript.jscomp.graph.LinkedDirectedGraph$LinkedDirectedGraphNode,<init>,317
66,com.google.javascript.jscomp.graph.LinkedDirectedGraph$LinkedDirectedGraphNode,<init>,318
66,com.google.javascript.jscomp.graph.LinkedDirectedGraph$LinkedDirectedGraphNode,<init>,328
66,com.google.javascript.jscomp.graph.LinkedDirectedGraph$LinkedDirectedGraphNode,<init>,329
66,com.google.javascript.jscomp.graph.LinkedDirectedGraph$LinkedDirectedGraphNode,<init>,330
66,com.google.javascript.jscomp.graph.LinkedDirectedGraph$LinkedDirectedGraphNode,getInEdges,371
66,com.google.javascript.jscomp.graph.LinkedDirectedGraph$LinkedDirectedGraphNode,getOutEdges,376
66,com.google.javascript.jscomp.graph.LinkedDirectedGraph$LinkedDirectedGraphNode,getValue,334
66,com.google.javascript.jscomp.parsing.Annotation,<clinit>,27
66,com.google.javascript.jscomp.parsing.Annotation,<clinit>,28
66,com.google.javascript.jscomp.parsing.Annotation,<clinit>,29
66,com.google.javascript.jscomp.parsing.Annotation,<clinit>,30
66,com.google.javascript.jscomp.parsing.Annotation,<clinit>,31
66,com.google.javascript.jscomp.parsing.Annotation,<clinit>,32
66,com.google.javascript.jscomp.parsing.Annotation,<clinit>,33
66,com.google.javascript.jscomp.parsing.Annotation,<clinit>,34
66,com.google.javascript.jscomp.parsing.Annotation,<clinit>,35
66,com.google.javascript.jscomp.parsing.Annotation,<clinit>,36
66,com.google.javascript.jscomp.parsing.Annotation,<clinit>,37
66,com.google.javascript.jscomp.parsing.Annotation,<clinit>,38
66,com.google.javascript.jscomp.parsing.Annotation,<clinit>,39
66,com.google.javascript.jscomp.parsing.Annotation,<clinit>,40
66,com.google.javascript.jscomp.parsing.Annotation,<clinit>,41
66,com.google.javascript.jscomp.parsing.Annotation,<clinit>,42
66,com.google.javascript.jscomp.parsing.Annotation,<clinit>,43
66,com.google.javascript.jscomp.parsing.Annotation,<clinit>,44
66,com.google.javascript.jscomp.parsing.Annotation,<clinit>,45
66,com.google.javascript.jscomp.parsing.Annotation,<clinit>,46
66,com.google.javascript.jscomp.parsing.Annotation,<clinit>,47
66,com.google.javascript.jscomp.parsing.Annotation,<clinit>,48
66,com.google.javascript.jscomp.parsing.Annotation,<clinit>,49
66,com.google.javascript.jscomp.parsing.Annotation,<clinit>,50
66,com.google.javascript.jscomp.parsing.Annotation,<clinit>,51
66,com.google.javascript.jscomp.parsing.Annotation,<clinit>,52
66,com.google.javascript.jscomp.parsing.Annotation,<clinit>,53
66,com.google.javascript.jscomp.parsing.Annotation,<clinit>,54
66,com.google.javascript.jscomp.parsing.Annotation,<clinit>,55
66,com.google.javascript.jscomp.parsing.Annotation,<clinit>,56
66,com.google.javascript.jscomp.parsing.Annotation,<clinit>,57
66,com.google.javascript.jscomp.parsing.Annotation,<clinit>,58
66,com.google.javascript.jscomp.parsing.Annotation,<clinit>,59
66,com.google.javascript.jscomp.parsing.Annotation,<clinit>,60
66,com.google.javascript.jscomp.parsing.Annotation,<clinit>,61
66,com.google.javascript.jscomp.parsing.Annotation,<clinit>,62
66,com.google.javascript.jscomp.parsing.Annotation,<clinit>,63
66,com.google.javascript.jscomp.parsing.Annotation,<clinit>,64
66,com.google.javascript.jscomp.parsing.Annotation,<clinit>,65
66,com.google.javascript.jscomp.parsing.Annotation,<clinit>,66
66,com.google.javascript.jscomp.parsing.Annotation,<clinit>,67
66,com.google.javascript.jscomp.parsing.Annotation,<clinit>,68
66,com.google.javascript.jscomp.parsing.Annotation,<clinit>,69
66,com.google.javascript.jscomp.parsing.Annotation,<clinit>,70
66,com.google.javascript.jscomp.parsing.Annotation,<clinit>,72
66,com.google.javascript.jscomp.parsing.Config,<init>,63
66,com.google.javascript.jscomp.parsing.Config,<init>,64
66,com.google.javascript.jscomp.parsing.Config,<init>,65
66,com.google.javascript.jscomp.parsing.Config,<init>,66
66,com.google.javascript.jscomp.parsing.Config,<init>,67
66,com.google.javascript.jscomp.parsing.Config,<init>,68
66,com.google.javascript.jscomp.parsing.Config,<init>,69
66,com.google.javascript.jscomp.parsing.Config,buildAnnotationNames,77
66,com.google.javascript.jscomp.parsing.Config,buildAnnotationNames,79
66,com.google.javascript.jscomp.parsing.Config,buildAnnotationNames,80
66,com.google.javascript.jscomp.parsing.Config,buildAnnotationNames,81
66,com.google.javascript.jscomp.parsing.Config,buildAnnotationNames,83
66,com.google.javascript.jscomp.parsing.Config,buildAnnotationNames,86
66,com.google.javascript.jscomp.parsing.Config,buildAnnotationNames,87
66,com.google.javascript.jscomp.parsing.IRFactory,<init>,86
66,com.google.javascript.jscomp.parsing.IRFactory,<init>,90
66,com.google.javascript.jscomp.parsing.IRFactory,<init>,91
66,com.google.javascript.jscomp.parsing.IRFactory,<init>,93
66,com.google.javascript.jscomp.parsing.IRFactory,<init>,104
66,com.google.javascript.jscomp.parsing.IRFactory,<init>,105
66,com.google.javascript.jscomp.parsing.IRFactory,<init>,106
66,com.google.javascript.jscomp.parsing.IRFactory,<init>,107
66,com.google.javascript.jscomp.parsing.IRFactory,<init>,108
66,com.google.javascript.jscomp.parsing.IRFactory,<init>,109
66,com.google.javascript.jscomp.parsing.IRFactory,<init>,111
66,com.google.javascript.jscomp.parsing.IRFactory,<init>,112
66,com.google.javascript.jscomp.parsing.IRFactory,access$1500,77
66,com.google.javascript.jscomp.parsing.IRFactory,createJsDocInfoParser,242
66,com.google.javascript.jscomp.parsing.IRFactory,createJsDocInfoParser,243
66,com.google.javascript.jscomp.parsing.IRFactory,createJsDocInfoParser,244
66,com.google.javascript.jscomp.parsing.IRFactory,createJsDocInfoParser,247
66,com.google.javascript.jscomp.parsing.IRFactory,createJsDocInfoParser,248
66,com.google.javascript.jscomp.parsing.IRFactory,createJsDocInfoParser,257
66,com.google.javascript.jscomp.parsing.IRFactory,createJsDocInfoParser,258
66,com.google.javascript.jscomp.parsing.IRFactory,createJsDocInfoParser,259
66,com.google.javascript.jscomp.parsing.IRFactory,createJsDocInfoParser,260
66,com.google.javascript.jscomp.parsing.IRFactory,createTemplateNode,119
66,com.google.javascript.jscomp.parsing.IRFactory,createTemplateNode,120
66,com.google.javascript.jscomp.parsing.IRFactory,createTemplateNode,121
66,com.google.javascript.jscomp.parsing.IRFactory,handleJsDoc,194
66,com.google.javascript.jscomp.parsing.IRFactory,handleJsDoc,195
66,com.google.javascript.jscomp.parsing.IRFactory,handleJsDoc,196
66,com.google.javascript.jscomp.parsing.IRFactory,handleJsDoc,197
66,com.google.javascript.jscomp.parsing.IRFactory,handleJsDoc,198
66,com.google.javascript.jscomp.parsing.IRFactory,handleJsDoc,199
66,com.google.javascript.jscomp.parsing.IRFactory,handleJsDoc,202
66,com.google.javascript.jscomp.parsing.IRFactory,handlePossibleFileOverviewJsDoc,180
66,com.google.javascript.jscomp.parsing.IRFactory,handlePossibleFileOverviewJsDoc,184
66,com.google.javascript.jscomp.parsing.IRFactory,justTransform,274
66,com.google.javascript.jscomp.parsing.IRFactory,newNode,1251
66,com.google.javascript.jscomp.parsing.IRFactory,newNode,1255
66,com.google.javascript.jscomp.parsing.IRFactory,newNode,1259
66,com.google.javascript.jscomp.parsing.IRFactory,newStringNode,1271
66,com.google.javascript.jscomp.parsing.IRFactory,position2charno,264
66,com.google.javascript.jscomp.parsing.IRFactory,position2charno,265
66,com.google.javascript.jscomp.parsing.IRFactory,position2charno,266
66,com.google.javascript.jscomp.parsing.IRFactory,position2charno,269
66,com.google.javascript.jscomp.parsing.IRFactory,setFileOverviewJsDoc,149
66,com.google.javascript.jscomp.parsing.IRFactory,setFileOverviewJsDoc,150
66,com.google.javascript.jscomp.parsing.IRFactory,setFileOverviewJsDoc,157
66,com.google.javascript.jscomp.parsing.IRFactory,transform,206
66,com.google.javascript.jscomp.parsing.IRFactory,transform,207
66,com.google.javascript.jscomp.parsing.IRFactory,transform,208
66,com.google.javascript.jscomp.parsing.IRFactory,transform,209
66,com.google.javascript.jscomp.parsing.IRFactory,transform,213
66,com.google.javascript.jscomp.parsing.IRFactory,transform,215
66,com.google.javascript.jscomp.parsing.IRFactory,transform,216
66,com.google.javascript.jscomp.parsing.IRFactory,transform,218
66,com.google.javascript.jscomp.parsing.IRFactory,transform,222
66,com.google.javascript.jscomp.parsing.IRFactory,transform,223
66,com.google.javascript.jscomp.parsing.IRFactory,transform,224
66,com.google.javascript.jscomp.parsing.IRFactory,transform,225
66,com.google.javascript.jscomp.parsing.IRFactory,transform,228
66,com.google.javascript.jscomp.parsing.IRFactory,transformTokenType,937
66,com.google.javascript.jscomp.parsing.IRFactory,transformTokenType,1001
66,com.google.javascript.jscomp.parsing.IRFactory,transformTokenType,1191
66,com.google.javascript.jscomp.parsing.IRFactory,transformTokenType,1200
66,com.google.javascript.jscomp.parsing.IRFactory,transformTree,128
66,com.google.javascript.jscomp.parsing.IRFactory,transformTree,130
66,com.google.javascript.jscomp.parsing.IRFactory,transformTree,132
66,com.google.javascript.jscomp.parsing.IRFactory,transformTree,133
66,com.google.javascript.jscomp.parsing.IRFactory,transformTree,134
66,com.google.javascript.jscomp.parsing.IRFactory,transformTree,137
66,com.google.javascript.jscomp.parsing.IRFactory,transformTree,140
66,com.google.javascript.jscomp.parsing.IRFactory,transformTree,142
66,com.google.javascript.jscomp.parsing.IRFactory$TransformDispatcher,<init>,277
66,com.google.javascript.jscomp.parsing.IRFactory$TransformDispatcher,isDirective,389
66,com.google.javascript.jscomp.parsing.IRFactory$TransformDispatcher,isDirective,391
66,com.google.javascript.jscomp.parsing.IRFactory$TransformDispatcher,isDirective,392
66,com.google.javascript.jscomp.parsing.IRFactory$TransformDispatcher,parseDirectives,373
66,com.google.javascript.jscomp.parsing.IRFactory$TransformDispatcher,parseDirectives,374
66,com.google.javascript.jscomp.parsing.IRFactory$TransformDispatcher,parseDirectives,383
66,com.google.javascript.jscomp.parsing.IRFactory$TransformDispatcher,parseDirectives,386
66,com.google.javascript.jscomp.parsing.IRFactory$TransformDispatcher,processAstRoot,354
66,com.google.javascript.jscomp.parsing.IRFactory$TransformDispatcher,processAstRoot,355
66,com.google.javascript.jscomp.parsing.IRFactory$TransformDispatcher,processAstRoot,356
66,com.google.javascript.jscomp.parsing.IRFactory$TransformDispatcher,processAstRoot,357
66,com.google.javascript.jscomp.parsing.IRFactory$TransformDispatcher,processAstRoot,358
66,com.google.javascript.jscomp.parsing.IRFactory$TransformDispatcher,processAstRoot,359
66,com.google.javascript.jscomp.parsing.IRFactory$TransformDispatcher,processBlock,399
66,com.google.javascript.jscomp.parsing.IRFactory$TransformDispatcher,processExpressionStatement,473
66,com.google.javascript.jscomp.parsing.IRFactory$TransformDispatcher,processExpressionStatement,474
66,com.google.javascript.jscomp.parsing.IRFactory$TransformDispatcher,processExpressionStatement,475
66,com.google.javascript.jscomp.parsing.IRFactory$TransformDispatcher,processFunctionCall,500
66,com.google.javascript.jscomp.parsing.IRFactory$TransformDispatcher,processFunctionCall,502
66,com.google.javascript.jscomp.parsing.IRFactory$TransformDispatcher,processFunctionCall,506
66,com.google.javascript.jscomp.parsing.IRFactory$TransformDispatcher,processFunctionCall,507
66,com.google.javascript.jscomp.parsing.IRFactory$TransformDispatcher,processFunctionCall,508
66,com.google.javascript.jscomp.parsing.IRFactory$TransformDispatcher,processFunctionCall,509
66,com.google.javascript.jscomp.parsing.IRFactory$TransformDispatcher,processFunctionNode,514
66,com.google.javascript.jscomp.parsing.IRFactory$TransformDispatcher,processFunctionNode,515
66,com.google.javascript.jscomp.parsing.IRFactory$TransformDispatcher,processFunctionNode,516
66,com.google.javascript.jscomp.parsing.IRFactory$TransformDispatcher,processFunctionNode,521
66,com.google.javascript.jscomp.parsing.IRFactory$TransformDispatcher,processFunctionNode,522
66,com.google.javascript.jscomp.parsing.IRFactory$TransformDispatcher,processFunctionNode,523
66,com.google.javascript.jscomp.parsing.IRFactory$TransformDispatcher,processFunctionNode,535
66,com.google.javascript.jscomp.parsing.IRFactory$TransformDispatcher,processFunctionNode,536
66,com.google.javascript.jscomp.parsing.IRFactory$TransformDispatcher,processFunctionNode,543
66,com.google.javascript.jscomp.parsing.IRFactory$TransformDispatcher,processFunctionNode,544
66,com.google.javascript.jscomp.parsing.IRFactory$TransformDispatcher,processFunctionNode,545
66,com.google.javascript.jscomp.parsing.IRFactory$TransformDispatcher,processFunctionNode,549
66,com.google.javascript.jscomp.parsing.IRFactory$TransformDispatcher,processFunctionNode,552
66,com.google.javascript.jscomp.parsing.IRFactory$TransformDispatcher,processFunctionNode,553
66,com.google.javascript.jscomp.parsing.IRFactory$TransformDispatcher,processFunctionNode,554
66,com.google.javascript.jscomp.parsing.IRFactory$TransformDispatcher,processFunctionNode,555
66,com.google.javascript.jscomp.parsing.IRFactory$TransformDispatcher,processFunctionNode,556
66,com.google.javascript.jscomp.parsing.IRFactory$TransformDispatcher,processFunctionNode,558
66,com.google.javascript.jscomp.parsing.IRFactory$TransformDispatcher,processFunctionNode,559
66,com.google.javascript.jscomp.parsing.IRFactory$TransformDispatcher,processFunctionNode,560
66,com.google.javascript.jscomp.parsing.IRFactory$TransformDispatcher,processFunctionNode,561
66,com.google.javascript.jscomp.parsing.IRFactory$TransformDispatcher,processGeneric,280
66,com.google.javascript.jscomp.parsing.IRFactory$TransformDispatcher,processGeneric,281
66,com.google.javascript.jscomp.parsing.IRFactory$TransformDispatcher,processGeneric,282
66,com.google.javascript.jscomp.parsing.IRFactory$TransformDispatcher,processGeneric,283
66,com.google.javascript.jscomp.parsing.IRFactory$TransformDispatcher,processGeneric,284
66,com.google.javascript.jscomp.parsing.IRFactory$TransformDispatcher,processName,627
66,com.google.javascript.jscomp.parsing.IRFactory$TransformDispatcher,processNewExpression,632
66,com.google.javascript.jscomp.parsing.IRFactory$TransformDispatcher,processPropertyGet,703
66,com.google.javascript.jscomp.parsing.IRFactory$TransformDispatcher,processReturnStatement,727
66,com.google.javascript.jscomp.parsing.IRFactory$TransformDispatcher,processReturnStatement,728
66,com.google.javascript.jscomp.parsing.IRFactory$TransformDispatcher,processReturnStatement,729
66,com.google.javascript.jscomp.parsing.IRFactory$TransformDispatcher,processReturnStatement,731
66,com.google.javascript.jscomp.parsing.IRFactory$TransformDispatcher,transformAsString,297
66,com.google.javascript.jscomp.parsing.IRFactory$TransformDispatcher,transformAsString,298
66,com.google.javascript.jscomp.parsing.IRFactory$TransformDispatcher,transformAsString,300
66,com.google.javascript.jscomp.parsing.IRFactory$TransformDispatcher,transformAsString,301
66,com.google.javascript.jscomp.parsing.IRFactory$TransformDispatcher,transformAsString,303
66,com.google.javascript.jscomp.parsing.JsDocInfoParser,<clinit>,72
66,com.google.javascript.jscomp.parsing.JsDocInfoParser,<clinit>,2122
66,com.google.javascript.jscomp.parsing.JsDocInfoParser,<init>,48
66,com.google.javascript.jscomp.parsing.JsDocInfoParser,<init>,67
66,com.google.javascript.jscomp.parsing.JsDocInfoParser,<init>,107
66,com.google.javascript.jscomp.parsing.JsDocInfoParser,<init>,108
66,com.google.javascript.jscomp.parsing.JsDocInfoParser,<init>,109
66,com.google.javascript.jscomp.parsing.JsDocInfoParser,<init>,110
66,com.google.javascript.jscomp.parsing.JsDocInfoParser,<init>,111
66,com.google.javascript.jscomp.parsing.JsDocInfoParser,<init>,112
66,com.google.javascript.jscomp.parsing.JsDocInfoParser,<init>,114
66,com.google.javascript.jscomp.parsing.JsDocInfoParser,<init>,115
66,com.google.javascript.jscomp.parsing.JsDocInfoParser,<init>,117
66,com.google.javascript.jscomp.parsing.JsDocInfoParser,<init>,118
66,com.google.javascript.jscomp.parsing.JsDocInfoParser,<init>,119
66,com.google.javascript.jscomp.parsing.JsDocInfoParser,<init>,2127
66,com.google.javascript.jscomp.parsing.JsDocInfoParser,createJSTypeExpression,1166
66,com.google.javascript.jscomp.parsing.JsDocInfoParser,createTemplateNode,2082
66,com.google.javascript.jscomp.parsing.JsDocInfoParser,createTemplateNode,2083
66,com.google.javascript.jscomp.parsing.JsDocInfoParser,createTemplateNode,2084
66,com.google.javascript.jscomp.parsing.JsDocInfoParser,current,2168
66,com.google.javascript.jscomp.parsing.JsDocInfoParser,current,2169
66,com.google.javascript.jscomp.parsing.JsDocInfoParser,current,2170
66,com.google.javascript.jscomp.parsing.JsDocInfoParser,eatTokensUntilEOL,2101
66,com.google.javascript.jscomp.parsing.JsDocInfoParser,eatTokensUntilEOL,2110
66,com.google.javascript.jscomp.parsing.JsDocInfoParser,eatTokensUntilEOL,2112
66,com.google.javascript.jscomp.parsing.JsDocInfoParser,eatTokensUntilEOL,2113
66,com.google.javascript.jscomp.parsing.JsDocInfoParser,eatTokensUntilEOL,2115
66,com.google.javascript.jscomp.parsing.JsDocInfoParser,eatTokensUntilEOL,2116
66,com.google.javascript.jscomp.parsing.JsDocInfoParser,getFileOverviewJSDocInfo,2206
66,com.google.javascript.jscomp.parsing.JsDocInfoParser,hasParsedFileOverviewDocInfo,2191
66,com.google.javascript.jscomp.parsing.JsDocInfoParser,match,2139
66,com.google.javascript.jscomp.parsing.JsDocInfoParser,match,2140
66,com.google.javascript.jscomp.parsing.JsDocInfoParser,newNode,2069
66,com.google.javascript.jscomp.parsing.JsDocInfoParser,newStringNode,2074
66,com.google.javascript.jscomp.parsing.JsDocInfoParser,next,2157
66,com.google.javascript.jscomp.parsing.JsDocInfoParser,next,2158
66,com.google.javascript.jscomp.parsing.JsDocInfoParser,next,2160
66,com.google.javascript.jscomp.parsing.JsDocInfoParser,parse,156
66,com.google.javascript.jscomp.parsing.JsDocInfoParser,parse,157
66,com.google.javascript.jscomp.parsing.JsDocInfoParser,parse,159
66,com.google.javascript.jscomp.parsing.JsDocInfoParser,parse,162
66,com.google.javascript.jscomp.parsing.JsDocInfoParser,parse,169
66,com.google.javascript.jscomp.parsing.JsDocInfoParser,parse,179
66,com.google.javascript.jscomp.parsing.JsDocInfoParser,parse,181
66,com.google.javascript.jscomp.parsing.JsDocInfoParser,parse,182
66,com.google.javascript.jscomp.parsing.JsDocInfoParser,parse,183
66,com.google.javascript.jscomp.parsing.JsDocInfoParser,parse,184
66,com.google.javascript.jscomp.parsing.JsDocInfoParser,parse,186
66,com.google.javascript.jscomp.parsing.JsDocInfoParser,parse,187
66,com.google.javascript.jscomp.parsing.JsDocInfoParser,parse,188
66,com.google.javascript.jscomp.parsing.JsDocInfoParser,parse,193
66,com.google.javascript.jscomp.parsing.JsDocInfoParser,parse,195
66,com.google.javascript.jscomp.parsing.JsDocInfoParser,parse,222
66,com.google.javascript.jscomp.parsing.JsDocInfoParser,parse,231
66,com.google.javascript.jscomp.parsing.JsDocInfoParser,parse,232
66,com.google.javascript.jscomp.parsing.JsDocInfoParser,parse,547
66,com.google.javascript.jscomp.parsing.JsDocInfoParser,parse,548
66,com.google.javascript.jscomp.parsing.JsDocInfoParser,parse,549
66,com.google.javascript.jscomp.parsing.JsDocInfoParser,parse,550
66,com.google.javascript.jscomp.parsing.JsDocInfoParser,parse,551
66,com.google.javascript.jscomp.parsing.JsDocInfoParser,parse,553
66,com.google.javascript.jscomp.parsing.JsDocInfoParser,parse,554
66,com.google.javascript.jscomp.parsing.JsDocInfoParser,parse,557
66,com.google.javascript.jscomp.parsing.JsDocInfoParser,parse,563
66,com.google.javascript.jscomp.parsing.JsDocInfoParser,parse,564
66,com.google.javascript.jscomp.parsing.JsDocInfoParser,parse,565
66,com.google.javascript.jscomp.parsing.JsDocInfoParser,parse,566
66,com.google.javascript.jscomp.parsing.JsDocInfoParser,parse,569
66,com.google.javascript.jscomp.parsing.JsDocInfoParser,parse,570
66,com.google.javascript.jscomp.parsing.JsDocInfoParser,parse,571
66,com.google.javascript.jscomp.parsing.JsDocInfoParser,parse,575
66,com.google.javascript.jscomp.parsing.JsDocInfoParser,parse,579
66,com.google.javascript.jscomp.parsing.JsDocInfoParser,parse,581
66,com.google.javascript.jscomp.parsing.JsDocInfoParser,parse,605
66,com.google.javascript.jscomp.parsing.JsDocInfoParser,parse,607
66,com.google.javascript.jscomp.parsing.JsDocInfoParser,parse,618
66,com.google.javascript.jscomp.parsing.JsDocInfoParser,parse,623
66,com.google.javascript.jscomp.parsing.JsDocInfoParser,parse,626
66,com.google.javascript.jscomp.parsing.JsDocInfoParser,parse,639
66,com.google.javascript.jscomp.parsing.JsDocInfoParser,parse,641
66,com.google.javascript.jscomp.parsing.JsDocInfoParser,parse,704
66,com.google.javascript.jscomp.parsing.JsDocInfoParser,parse,717
66,com.google.javascript.jscomp.parsing.JsDocInfoParser,parse,719
66,com.google.javascript.jscomp.parsing.JsDocInfoParser,parse,763
66,com.google.javascript.jscomp.parsing.JsDocInfoParser,parse,764
66,com.google.javascript.jscomp.parsing.JsDocInfoParser,parse,765
66,com.google.javascript.jscomp.parsing.JsDocInfoParser,parse,767
66,com.google.javascript.jscomp.parsing.JsDocInfoParser,parse,769
66,com.google.javascript.jscomp.parsing.JsDocInfoParser,parse,771
66,com.google.javascript.jscomp.parsing.JsDocInfoParser,parse,777
66,com.google.javascript.jscomp.parsing.JsDocInfoParser,parse,779
66,com.google.javascript.jscomp.parsing.JsDocInfoParser,parse,783
66,com.google.javascript.jscomp.parsing.JsDocInfoParser,parse,792
66,com.google.javascript.jscomp.parsing.JsDocInfoParser,parse,799
66,com.google.javascript.jscomp.parsing.JsDocInfoParser,parse,802
66,com.google.javascript.jscomp.parsing.JsDocInfoParser,parse,816
66,com.google.javascript.jscomp.parsing.JsDocInfoParser,parse,818
66,com.google.javascript.jscomp.parsing.JsDocInfoParser,parse,828
66,com.google.javascript.jscomp.parsing.JsDocInfoParser,parse,842
66,com.google.javascript.jscomp.parsing.JsDocInfoParser,parse,844
66,com.google.javascript.jscomp.parsing.JsDocInfoParser,parse,851
66,com.google.javascript.jscomp.parsing.JsDocInfoParser,parse,855
66,com.google.javascript.jscomp.parsing.JsDocInfoParser,parse,865
66,com.google.javascript.jscomp.parsing.JsDocInfoParser,parse,868
66,com.google.javascript.jscomp.parsing.JsDocInfoParser,parse,869
66,com.google.javascript.jscomp.parsing.JsDocInfoParser,parse,872
66,com.google.javascript.jscomp.parsing.JsDocInfoParser,parse,873
66,com.google.javascript.jscomp.parsing.JsDocInfoParser,parse,874
66,com.google.javascript.jscomp.parsing.JsDocInfoParser,parseAndRecordParamTypeNode,1048
66,com.google.javascript.jscomp.parsing.JsDocInfoParser,parseAndRecordParamTypeNode,1049
66,com.google.javascript.jscomp.parsing.JsDocInfoParser,parseAndRecordParamTypeNode,1050
66,com.google.javascript.jscomp.parsing.JsDocInfoParser,parseAndRecordParamTypeNode,1052
66,com.google.javascript.jscomp.parsing.JsDocInfoParser,parseAndRecordParamTypeNode,1053
66,com.google.javascript.jscomp.parsing.JsDocInfoParser,parseAndRecordParamTypeNode,1055
66,com.google.javascript.jscomp.parsing.JsDocInfoParser,parseAndRecordParamTypeNode,1057
66,com.google.javascript.jscomp.parsing.JsDocInfoParser,parseAndRecordTypeNode,1015
66,com.google.javascript.jscomp.parsing.JsDocInfoParser,parseAndRecordTypeNode,1077
66,com.google.javascript.jscomp.parsing.JsDocInfoParser,parseAndRecordTypeNode,1079
66,com.google.javascript.jscomp.parsing.JsDocInfoParser,parseAndRecordTypeNode,1082
66,com.google.javascript.jscomp.parsing.JsDocInfoParser,parseAndRecordTypeNode,1085
66,com.google.javascript.jscomp.parsing.JsDocInfoParser,parseAndRecordTypeNode,1089
66,com.google.javascript.jscomp.parsing.JsDocInfoParser,parseAndRecordTypeNode,1091
66,com.google.javascript.jscomp.parsing.JsDocInfoParser,parseAndRecordTypeNode,1094
66,com.google.javascript.jscomp.parsing.JsDocInfoParser,parseBasicTypeExpression,1627
66,com.google.javascript.jscomp.parsing.JsDocInfoParser,parseBasicTypeExpression,1628
66,com.google.javascript.jscomp.parsing.JsDocInfoParser,parseBasicTypeExpression,1629
66,com.google.javascript.jscomp.parsing.JsDocInfoParser,parseBasicTypeExpression,1632
66,com.google.javascript.jscomp.parsing.JsDocInfoParser,parseBasicTypeExpression,1635
66,com.google.javascript.jscomp.parsing.JsDocInfoParser,parseBasicTypeExpression,1638
66,com.google.javascript.jscomp.parsing.JsDocInfoParser,parseBasicTypeExpression,1639
66,com.google.javascript.jscomp.parsing.JsDocInfoParser,parseBasicTypeExpression,1640
66,com.google.javascript.jscomp.parsing.JsDocInfoParser,parseBasicTypeExpression,1643
66,com.google.javascript.jscomp.parsing.JsDocInfoParser,parseBasicTypeExpression,1646
66,com.google.javascript.jscomp.parsing.JsDocInfoParser,parseParamTypeExpressionAnnotation,1468
66,com.google.javascript.jscomp.parsing.JsDocInfoParser,parseParamTypeExpressionAnnotation,1470
66,com.google.javascript.jscomp.parsing.JsDocInfoParser,parseParamTypeExpressionAnnotation,1472
66,com.google.javascript.jscomp.parsing.JsDocInfoParser,parseParamTypeExpressionAnnotation,1473
66,com.google.javascript.jscomp.parsing.JsDocInfoParser,parseParamTypeExpressionAnnotation,1474
66,com.google.javascript.jscomp.parsing.JsDocInfoParser,parseParamTypeExpressionAnnotation,1483
66,com.google.javascript.jscomp.parsing.JsDocInfoParser,parseParamTypeExpressionAnnotation,1484
66,com.google.javascript.jscomp.parsing.JsDocInfoParser,parseParamTypeExpressionAnnotation,1485
66,com.google.javascript.jscomp.parsing.JsDocInfoParser,parseParamTypeExpressionAnnotation,1486
66,com.google.javascript.jscomp.parsing.JsDocInfoParser,parseParamTypeExpressionAnnotation,1488
66,com.google.javascript.jscomp.parsing.JsDocInfoParser,parseParamTypeExpressionAnnotation,1489
66,com.google.javascript.jscomp.parsing.JsDocInfoParser,parseParamTypeExpressionAnnotation,1490
66,com.google.javascript.jscomp.parsing.JsDocInfoParser,parseParamTypeExpressionAnnotation,1491
66,com.google.javascript.jscomp.parsing.JsDocInfoParser,parseParamTypeExpressionAnnotation,1494
66,com.google.javascript.jscomp.parsing.JsDocInfoParser,parseParamTypeExpressionAnnotation,1497
66,com.google.javascript.jscomp.parsing.JsDocInfoParser,parseParamTypeExpressionAnnotation,1501
66,com.google.javascript.jscomp.parsing.JsDocInfoParser,parseTopLevelTypeExpression,1533
66,com.google.javascript.jscomp.parsing.JsDocInfoParser,parseTopLevelTypeExpression,1534
66,com.google.javascript.jscomp.parsing.JsDocInfoParser,parseTopLevelTypeExpression,1536
66,com.google.javascript.jscomp.parsing.JsDocInfoParser,parseTopLevelTypeExpression,1547
66,com.google.javascript.jscomp.parsing.JsDocInfoParser,parseTypeExpression,1582
66,com.google.javascript.jscomp.parsing.JsDocInfoParser,parseTypeExpression,1604
66,com.google.javascript.jscomp.parsing.JsDocInfoParser,parseTypeExpression,1605
66,com.google.javascript.jscomp.parsing.JsDocInfoParser,parseTypeExpression,1607
66,com.google.javascript.jscomp.parsing.JsDocInfoParser,parseTypeExpression,1608
66,com.google.javascript.jscomp.parsing.JsDocInfoParser,parseTypeExpression,1609
66,com.google.javascript.jscomp.parsing.JsDocInfoParser,parseTypeExpression,1612
66,com.google.javascript.jscomp.parsing.JsDocInfoParser,parseTypeExpression,1618
66,com.google.javascript.jscomp.parsing.JsDocInfoParser,parseTypeExpressionAnnotation,1440
66,com.google.javascript.jscomp.parsing.JsDocInfoParser,parseTypeExpressionAnnotation,1441
66,com.google.javascript.jscomp.parsing.JsDocInfoParser,parseTypeExpressionAnnotation,1442
66,com.google.javascript.jscomp.parsing.JsDocInfoParser,parseTypeExpressionAnnotation,1443
66,com.google.javascript.jscomp.parsing.JsDocInfoParser,parseTypeExpressionAnnotation,1444
66,com.google.javascript.jscomp.parsing.JsDocInfoParser,parseTypeExpressionAnnotation,1445
66,com.google.javascript.jscomp.parsing.JsDocInfoParser,parseTypeExpressionAnnotation,1448
66,com.google.javascript.jscomp.parsing.JsDocInfoParser,parseTypeExpressionAnnotation,1452
66,com.google.javascript.jscomp.parsing.JsDocInfoParser,parseTypeName,1659
66,com.google.javascript.jscomp.parsing.JsDocInfoParser,parseTypeName,1663
66,com.google.javascript.jscomp.parsing.JsDocInfoParser,parseTypeName,1664
66,com.google.javascript.jscomp.parsing.JsDocInfoParser,parseTypeName,1679
66,com.google.javascript.jscomp.parsing.JsDocInfoParser,retrieveAndResetParsedJSDocInfo,2199
66,com.google.javascript.jscomp.parsing.JsDocInfoParser,setFileLevelJsDocBuilder,86
66,com.google.javascript.jscomp.parsing.JsDocInfoParser,setFileLevelJsDocBuilder,87
66,com.google.javascript.jscomp.parsing.JsDocInfoParser,setFileOverviewJSDocInfo,94
66,com.google.javascript.jscomp.parsing.JsDocInfoParser,setFileOverviewJSDocInfo,95
66,com.google.javascript.jscomp.parsing.JsDocInfoParser,skipEOLs,2178
66,com.google.javascript.jscomp.parsing.JsDocInfoParser,skipEOLs,2179
66,com.google.javascript.jscomp.parsing.JsDocInfoParser,skipEOLs,2180
66,com.google.javascript.jscomp.parsing.JsDocInfoParser,skipEOLs,2181
66,com.google.javascript.jscomp.parsing.JsDocInfoParser,skipEOLs,2184
66,com.google.javascript.jscomp.parsing.JsDocInfoParser,wrapNode,2063
66,com.google.javascript.jscomp.parsing.JsDocInfoParser$1,<clinit>,179
66,com.google.javascript.jscomp.parsing.JsDocInfoParser$1,<clinit>,783
66,com.google.javascript.jscomp.parsing.JsDocInfoParser$ErrorReporterParser,<init>,54
66,com.google.javascript.jscomp.parsing.JsDocInfoParser$State,<clinit>,97
66,com.google.javascript.jscomp.parsing.JsDocInfoParser$State,<clinit>,98
66,com.google.javascript.jscomp.parsing.JsDocInfoParser$State,<clinit>,99
66,com.google.javascript.jscomp.parsing.JsDocInfoParser$State,<clinit>,100
66,com.google.javascript.jscomp.parsing.JsDocToken,<clinit>,25
66,com.google.javascript.jscomp.parsing.JsDocToken,<clinit>,27
66,com.google.javascript.jscomp.parsing.JsDocToken,<clinit>,28
66,com.google.javascript.jscomp.parsing.JsDocToken,<clinit>,29
66,com.google.javascript.jscomp.parsing.JsDocToken,<clinit>,30
66,com.google.javascript.jscomp.parsing.JsDocToken,<clinit>,31
66,com.google.javascript.jscomp.parsing.JsDocToken,<clinit>,32
66,com.google.javascript.jscomp.parsing.JsDocToken,<clinit>,33
66,com.google.javascript.jscomp.parsing.JsDocToken,<clinit>,34
66,com.google.javascript.jscomp.parsing.JsDocToken,<clinit>,35
66,com.google.javascript.jscomp.parsing.JsDocToken,<clinit>,36
66,com.google.javascript.jscomp.parsing.JsDocToken,<clinit>,37
66,com.google.javascript.jscomp.parsing.JsDocToken,<clinit>,38
66,com.google.javascript.jscomp.parsing.JsDocToken,<clinit>,39
66,com.google.javascript.jscomp.parsing.JsDocToken,<clinit>,41
66,com.google.javascript.jscomp.parsing.JsDocToken,<clinit>,42
66,com.google.javascript.jscomp.parsing.JsDocToken,<clinit>,43
66,com.google.javascript.jscomp.parsing.JsDocToken,<clinit>,44
66,com.google.javascript.jscomp.parsing.JsDocToken,<clinit>,45
66,com.google.javascript.jscomp.parsing.JsDocToken,<clinit>,46
66,com.google.javascript.jscomp.parsing.JsDocToken,<clinit>,47
66,com.google.javascript.jscomp.parsing.JsDocToken,<clinit>,48
66,com.google.javascript.jscomp.parsing.JsDocTokenStream,<clinit>,29
66,com.google.javascript.jscomp.parsing.JsDocTokenStream,<init>,46
66,com.google.javascript.jscomp.parsing.JsDocTokenStream,<init>,47
66,com.google.javascript.jscomp.parsing.JsDocTokenStream,<init>,48
66,com.google.javascript.jscomp.parsing.JsDocTokenStream,<init>,49
66,com.google.javascript.jscomp.parsing.JsDocTokenStream,<init>,50
66,com.google.javascript.jscomp.parsing.JsDocTokenStream,<init>,51
66,com.google.javascript.jscomp.parsing.JsDocTokenStream,<init>,52
66,com.google.javascript.jscomp.parsing.JsDocTokenStream,<init>,53
66,com.google.javascript.jscomp.parsing.JsDocTokenStream,<init>,54
66,com.google.javascript.jscomp.parsing.JsDocTokenStream,<init>,455
66,com.google.javascript.jscomp.parsing.JsDocTokenStream,<init>,457
66,com.google.javascript.jscomp.parsing.JsDocTokenStream,<init>,461
66,com.google.javascript.jscomp.parsing.JsDocTokenStream,<init>,464
66,com.google.javascript.jscomp.parsing.JsDocTokenStream,<init>,466
66,com.google.javascript.jscomp.parsing.JsDocTokenStream,<init>,467
66,com.google.javascript.jscomp.parsing.JsDocTokenStream,<init>,469
66,com.google.javascript.jscomp.parsing.JsDocTokenStream,addToString,243
66,com.google.javascript.jscomp.parsing.JsDocTokenStream,addToString,244
66,com.google.javascript.jscomp.parsing.JsDocTokenStream,addToString,249
66,com.google.javascript.jscomp.parsing.JsDocTokenStream,addToString,250
66,com.google.javascript.jscomp.parsing.JsDocTokenStream,addToString,251
66,com.google.javascript.jscomp.parsing.JsDocTokenStream,getChar,338
66,com.google.javascript.jscomp.parsing.JsDocTokenStream,getChar,339
66,com.google.javascript.jscomp.parsing.JsDocTokenStream,getChar,340
66,com.google.javascript.jscomp.parsing.JsDocTokenStream,getChar,341
66,com.google.javascript.jscomp.parsing.JsDocTokenStream,getChar,342
66,com.google.javascript.jscomp.parsing.JsDocTokenStream,getChar,344
66,com.google.javascript.jscomp.parsing.JsDocTokenStream,getChar,349
66,com.google.javascript.jscomp.parsing.JsDocTokenStream,getChar,356
66,com.google.javascript.jscomp.parsing.JsDocTokenStream,getChar,357
66,com.google.javascript.jscomp.parsing.JsDocTokenStream,getChar,360
66,com.google.javascript.jscomp.parsing.JsDocTokenStream,getChar,361
66,com.google.javascript.jscomp.parsing.JsDocTokenStream,getChar,365
66,com.google.javascript.jscomp.parsing.JsDocTokenStream,getChar,366
66,com.google.javascript.jscomp.parsing.JsDocTokenStream,getChar,367
66,com.google.javascript.jscomp.parsing.JsDocTokenStream,getChar,370
66,com.google.javascript.jscomp.parsing.JsDocTokenStream,getChar,371
66,com.google.javascript.jscomp.parsing.JsDocTokenStream,getChar,372
66,com.google.javascript.jscomp.parsing.JsDocTokenStream,getChar,373
66,com.google.javascript.jscomp.parsing.JsDocTokenStream,getChar,385
66,com.google.javascript.jscomp.parsing.JsDocTokenStream,getChar,386
66,com.google.javascript.jscomp.parsing.JsDocTokenStream,getChar,389
66,com.google.javascript.jscomp.parsing.JsDocTokenStream,getCharIgnoreLineEnd,394
66,com.google.javascript.jscomp.parsing.JsDocTokenStream,getCharIgnoreLineEnd,405
66,com.google.javascript.jscomp.parsing.JsDocTokenStream,getCharIgnoreLineEnd,412
66,com.google.javascript.jscomp.parsing.JsDocTokenStream,getCharIgnoreLineEnd,413
66,com.google.javascript.jscomp.parsing.JsDocTokenStream,getCharIgnoreLineEnd,416
66,com.google.javascript.jscomp.parsing.JsDocTokenStream,getCharIgnoreLineEnd,417
66,com.google.javascript.jscomp.parsing.JsDocTokenStream,getCharIgnoreLineEnd,431
66,com.google.javascript.jscomp.parsing.JsDocTokenStream,getCharIgnoreLineEnd,435
66,com.google.javascript.jscomp.parsing.JsDocTokenStream,getCharno,230
66,com.google.javascript.jscomp.parsing.JsDocTokenStream,getJsDocToken,62
66,com.google.javascript.jscomp.parsing.JsDocTokenStream,getJsDocToken,66
66,com.google.javascript.jscomp.parsing.JsDocTokenStream,getJsDocToken,67
66,com.google.javascript.jscomp.parsing.JsDocTokenStream,getJsDocToken,68
66,com.google.javascript.jscomp.parsing.JsDocTokenStream,getJsDocToken,70
66,com.google.javascript.jscomp.parsing.JsDocTokenStream,getJsDocToken,71
66,com.google.javascript.jscomp.parsing.JsDocTokenStream,getJsDocToken,72
66,com.google.javascript.jscomp.parsing.JsDocTokenStream,getJsDocToken,73
66,com.google.javascript.jscomp.parsing.JsDocTokenStream,getJsDocToken,77
66,com.google.javascript.jscomp.parsing.JsDocTokenStream,getJsDocToken,81
66,com.google.javascript.jscomp.parsing.JsDocTokenStream,getJsDocToken,82
66,com.google.javascript.jscomp.parsing.JsDocTokenStream,getJsDocToken,83
66,com.google.javascript.jscomp.parsing.JsDocTokenStream,getJsDocToken,85
66,com.google.javascript.jscomp.parsing.JsDocTokenStream,getJsDocToken,86
66,com.google.javascript.jscomp.parsing.JsDocTokenStream,getJsDocToken,87
66,com.google.javascript.jscomp.parsing.JsDocTokenStream,getJsDocToken,88
66,com.google.javascript.jscomp.parsing.JsDocTokenStream,getJsDocToken,93
66,com.google.javascript.jscomp.parsing.JsDocTokenStream,getJsDocToken,94
66,com.google.javascript.jscomp.parsing.JsDocTokenStream,getJsDocToken,96
66,com.google.javascript.jscomp.parsing.JsDocTokenStream,getJsDocToken,112
66,com.google.javascript.jscomp.parsing.JsDocTokenStream,getJsDocToken,115
66,com.google.javascript.jscomp.parsing.JsDocTokenStream,getJsDocToken,127
66,com.google.javascript.jscomp.parsing.JsDocTokenStream,getJsDocToken,130
66,com.google.javascript.jscomp.parsing.JsDocTokenStream,getJsDocToken,133
66,com.google.javascript.jscomp.parsing.JsDocTokenStream,getJsDocToken,161
66,com.google.javascript.jscomp.parsing.JsDocTokenStream,getJsDocToken,162
66,com.google.javascript.jscomp.parsing.JsDocTokenStream,getJsDocToken,163
66,com.google.javascript.jscomp.parsing.JsDocTokenStream,getJsDocToken,164
66,com.google.javascript.jscomp.parsing.JsDocTokenStream,getJsDocToken,171
66,com.google.javascript.jscomp.parsing.JsDocTokenStream,getJsDocToken,172
66,com.google.javascript.jscomp.parsing.JsDocTokenStream,getJsDocToken,173
66,com.google.javascript.jscomp.parsing.JsDocTokenStream,getJsDocToken,180
66,com.google.javascript.jscomp.parsing.JsDocTokenStream,getJsDocToken,181
66,com.google.javascript.jscomp.parsing.JsDocTokenStream,getJsDocToken,183
66,com.google.javascript.jscomp.parsing.JsDocTokenStream,getJsDocToken,184
66,com.google.javascript.jscomp.parsing.JsDocTokenStream,getJsDocToken,185
66,com.google.javascript.jscomp.parsing.JsDocTokenStream,getJsDocToken,186
66,com.google.javascript.jscomp.parsing.JsDocTokenStream,getJsDocToken,187
66,com.google.javascript.jscomp.parsing.JsDocTokenStream,getLineno,227
66,com.google.javascript.jscomp.parsing.JsDocTokenStream,getOffset,448
66,com.google.javascript.jscomp.parsing.JsDocTokenStream,getString,233
66,com.google.javascript.jscomp.parsing.JsDocTokenStream,getStringFromBuffer,238
66,com.google.javascript.jscomp.parsing.JsDocTokenStream,getStringFromBuffer,239
66,com.google.javascript.jscomp.parsing.JsDocTokenStream,isAlpha,273
66,com.google.javascript.jscomp.parsing.JsDocTokenStream,isAlpha,274
66,com.google.javascript.jscomp.parsing.JsDocTokenStream,isAlpha,276
66,com.google.javascript.jscomp.parsing.JsDocTokenStream,isJSDocString,281
66,com.google.javascript.jscomp.parsing.JsDocTokenStream,isJSDocString,299
66,com.google.javascript.jscomp.parsing.JsDocTokenStream,isJSDocString,302
66,com.google.javascript.jscomp.parsing.JsDocTokenStream,isJSSpace,311
66,com.google.javascript.jscomp.parsing.JsDocTokenStream,isJSSpace,312
66,com.google.javascript.jscomp.parsing.JsDocTokenStream,matchChar,261
66,com.google.javascript.jscomp.parsing.JsDocTokenStream,matchChar,262
66,com.google.javascript.jscomp.parsing.JsDocTokenStream,matchChar,263
66,com.google.javascript.jscomp.parsing.JsDocTokenStream,matchChar,264
66,com.google.javascript.jscomp.parsing.JsDocTokenStream,matchChar,266
66,com.google.javascript.jscomp.parsing.JsDocTokenStream,matchChar,267
66,com.google.javascript.jscomp.parsing.JsDocTokenStream,ungetChar,255
66,com.google.javascript.jscomp.parsing.JsDocTokenStream,ungetChar,256
66,com.google.javascript.jscomp.parsing.JsDocTokenStream,ungetChar,257
66,com.google.javascript.jscomp.parsing.JsDocTokenStream,ungetChar,258
66,com.google.javascript.jscomp.parsing.JsDocTokenStream,ungetCharIgnoreLineEnd,440
66,com.google.javascript.jscomp.parsing.JsDocTokenStream,ungetCharIgnoreLineEnd,441
66,com.google.javascript.jscomp.parsing.JsDocTokenStream,ungetCharIgnoreLineEnd,442
66,com.google.javascript.jscomp.parsing.ParserRunner,<clinit>,39
66,com.google.javascript.jscomp.parsing.ParserRunner,<clinit>,41
66,com.google.javascript.jscomp.parsing.ParserRunner,createConfig,52
66,com.google.javascript.jscomp.parsing.ParserRunner,createConfig,53
66,com.google.javascript.jscomp.parsing.ParserRunner,extractList,67
66,com.google.javascript.jscomp.parsing.ParserRunner,extractList,68
66,com.google.javascript.jscomp.parsing.ParserRunner,extractList,69
66,com.google.javascript.jscomp.parsing.ParserRunner,extractList,70
66,com.google.javascript.jscomp.parsing.ParserRunner,extractList,72
66,com.google.javascript.jscomp.parsing.ParserRunner,initResourceConfig,57
66,com.google.javascript.jscomp.parsing.ParserRunner,initResourceConfig,61
66,com.google.javascript.jscomp.parsing.ParserRunner,initResourceConfig,62
66,com.google.javascript.jscomp.parsing.ParserRunner,initResourceConfig,63
66,com.google.javascript.jscomp.parsing.ParserRunner,initResourceConfig,64
66,com.google.javascript.jscomp.parsing.ParserRunner,parse,90
66,com.google.javascript.jscomp.parsing.ParserRunner,parse,91
66,com.google.javascript.jscomp.parsing.ParserRunner,parse,92
66,com.google.javascript.jscomp.parsing.ParserRunner,parse,93
66,com.google.javascript.jscomp.parsing.ParserRunner,parse,94
66,com.google.javascript.jscomp.parsing.ParserRunner,parse,95
66,com.google.javascript.jscomp.parsing.ParserRunner,parse,96
66,com.google.javascript.jscomp.parsing.ParserRunner,parse,97
66,com.google.javascript.jscomp.parsing.ParserRunner,parse,98
66,com.google.javascript.jscomp.parsing.ParserRunner,parse,103
66,com.google.javascript.jscomp.parsing.ParserRunner,parse,104
66,com.google.javascript.jscomp.parsing.ParserRunner,parse,106
66,com.google.javascript.jscomp.parsing.ParserRunner,parse,110
66,com.google.javascript.jscomp.parsing.ParserRunner,parse,111
66,com.google.javascript.jscomp.parsing.ParserRunner,parse,112
66,com.google.javascript.jscomp.parsing.ParserRunner,parse,113
66,com.google.javascript.jscomp.parsing.ParserRunner,parse,114
66,com.google.javascript.jscomp.parsing.ParserRunner,parse,116
66,com.google.javascript.jscomp.parsing.ParserRunner,parse,118
66,com.google.javascript.jscomp.parsing.TypeSafeDispatcher,<init>,73
66,com.google.javascript.jscomp.parsing.TypeSafeDispatcher,process,119
66,com.google.javascript.jscomp.parsing.TypeSafeDispatcher,process,171
66,com.google.javascript.jscomp.parsing.TypeSafeDispatcher,process,172
66,com.google.javascript.jscomp.parsing.TypeSafeDispatcher,process,201
66,com.google.javascript.jscomp.parsing.TypeSafeDispatcher,process,202
66,com.google.javascript.jscomp.parsing.TypeSafeDispatcher,process,229
66,com.google.javascript.jscomp.parsing.TypeSafeDispatcher,process,233
66,com.google.javascript.jscomp.parsing.TypeSafeDispatcher,process,243
66,com.google.javascript.jscomp.parsing.TypeSafeDispatcher,process,245
66,com.google.javascript.jscomp.parsing.TypeSafeDispatcher,process,253
66,com.google.javascript.jscomp.parsing.TypeSafeDispatcher,process,255
66,com.google.javascript.rhino.Context,<clinit>,273
66,com.google.javascript.rhino.Context,<clinit>,407
66,com.google.javascript.rhino.Context,getCurrentContext,400
66,com.google.javascript.rhino.JSDocInfo,<init>,151
66,com.google.javascript.rhino.JSDocInfo,<init>,153
66,com.google.javascript.rhino.JSDocInfo,<init>,156
66,com.google.javascript.rhino.JSDocInfo,<init>,158
66,com.google.javascript.rhino.JSDocInfo,<init>,171
66,com.google.javascript.rhino.JSDocInfo,<init>,181
66,com.google.javascript.rhino.JSDocInfo,<init>,186
66,com.google.javascript.rhino.JSDocInfo,<init>,193
66,com.google.javascript.rhino.JSDocInfo,<init>,233
66,com.google.javascript.rhino.JSDocInfo,<init>,234
66,com.google.javascript.rhino.JSDocInfo,<init>,235
66,com.google.javascript.rhino.JSDocInfo,addMarker,512
66,com.google.javascript.rhino.JSDocInfo,addMarker,513
66,com.google.javascript.rhino.JSDocInfo,declareParam,754
66,com.google.javascript.rhino.JSDocInfo,declareParam,755
66,com.google.javascript.rhino.JSDocInfo,declareParam,756
66,com.google.javascript.rhino.JSDocInfo,declareParam,758
66,com.google.javascript.rhino.JSDocInfo,declareParam,759
66,com.google.javascript.rhino.JSDocInfo,declareParam,760
66,com.google.javascript.rhino.JSDocInfo,getBaseType,1004
66,com.google.javascript.rhino.JSDocInfo,getFlag,477
66,com.google.javascript.rhino.JSDocInfo,getImplementedInterfaceCount,1122
66,com.google.javascript.rhino.JSDocInfo,getImplementedInterfaceCount,1123
66,com.google.javascript.rhino.JSDocInfo,getImplementedInterfaces,1111
66,com.google.javascript.rhino.JSDocInfo,getImplementedInterfaces,1112
66,com.google.javascript.rhino.JSDocInfo,getLendsName,1048
66,com.google.javascript.rhino.JSDocInfo,getParameterCount,859
66,com.google.javascript.rhino.JSDocInfo,getParameterCount,860
66,com.google.javascript.rhino.JSDocInfo,getParameterNames,849
66,com.google.javascript.rhino.JSDocInfo,getParameterNames,850
66,com.google.javascript.rhino.JSDocInfo,getParameterNames,852
66,com.google.javascript.rhino.JSDocInfo,getParameterType,815
66,com.google.javascript.rhino.JSDocInfo,getParameterType,818
66,com.google.javascript.rhino.JSDocInfo,getReturnType,948
66,com.google.javascript.rhino.JSDocInfo,getTemplateTypeName,1241
66,com.google.javascript.rhino.JSDocInfo,getTemplateTypeName,1242
66,com.google.javascript.rhino.JSDocInfo,getTemplateTypeName,1244
66,com.google.javascript.rhino.JSDocInfo,getType,941
66,com.google.javascript.rhino.JSDocInfo,getType,966
66,com.google.javascript.rhino.JSDocInfo,getType,967
66,com.google.javascript.rhino.JSDocInfo,getType,969
66,com.google.javascript.rhino.JSDocInfo,getVisibility,805
66,com.google.javascript.rhino.JSDocInfo,hasBaseType,1085
66,com.google.javascript.rhino.JSDocInfo,hasEnumParameterType,914
66,com.google.javascript.rhino.JSDocInfo,hasFileOverview,1214
66,com.google.javascript.rhino.JSDocInfo,hasParameterType,838
66,com.google.javascript.rhino.JSDocInfo,hasReturnType,930
66,com.google.javascript.rhino.JSDocInfo,hasThisType,992
66,com.google.javascript.rhino.JSDocInfo,hasType,906
66,com.google.javascript.rhino.JSDocInfo,hasType,934
66,com.google.javascript.rhino.JSDocInfo,hasTypedefType,922
66,com.google.javascript.rhino.JSDocInfo,isConstructor,330
66,com.google.javascript.rhino.JSDocInfo,isDefine,339
66,com.google.javascript.rhino.JSDocInfo,isExterns,435
66,com.google.javascript.rhino.JSDocInfo,isImplicitCast,419
66,com.google.javascript.rhino.JSDocInfo,isInterface,395
66,com.google.javascript.rhino.JSDocInfo,isNoCompile,451
66,com.google.javascript.rhino.JSDocInfo,isNoTypeCheck,355
66,com.google.javascript.rhino.JSDocInfo,lazyInitDocumentation,496
66,com.google.javascript.rhino.JSDocInfo,lazyInitDocumentation,497
66,com.google.javascript.rhino.JSDocInfo,lazyInitInfo,486
66,com.google.javascript.rhino.JSDocInfo,lazyInitInfo,487
66,com.google.javascript.rhino.JSDocInfo,lazyInitInfo,489
66,com.google.javascript.rhino.JSDocInfo,setConstructor,245
66,com.google.javascript.rhino.JSDocInfo,setConstructor,246
66,com.google.javascript.rhino.JSDocInfo,setFlag,310
66,com.google.javascript.rhino.JSDocInfo,setFlag,311
66,com.google.javascript.rhino.JSDocInfo,setFlag,315
66,com.google.javascript.rhino.JSDocInfo,setReturnType,870
66,com.google.javascript.rhino.JSDocInfo,setReturnType,871
66,com.google.javascript.rhino.JSDocInfo,setSourceName,1236
66,com.google.javascript.rhino.JSDocInfo,setSourceName,1237
66,com.google.javascript.rhino.JSDocInfo,setType,866
66,com.google.javascript.rhino.JSDocInfo,setType,867
66,com.google.javascript.rhino.JSDocInfo,setType,882
66,com.google.javascript.rhino.JSDocInfo,setType,887
66,com.google.javascript.rhino.JSDocInfo,setType,888
66,com.google.javascript.rhino.JSDocInfo,setType,889
66,com.google.javascript.rhino.JSDocInfo,setVisibility,482
66,com.google.javascript.rhino.JSDocInfo,setVisibility,483
66,com.google.javascript.rhino.JSDocInfo$LazilyInitializedInfo,<init>,90
66,com.google.javascript.rhino.JSDocInfo$LazilyInitializedInfo,<init>,91
66,com.google.javascript.rhino.JSDocInfo$LazilyInitializedInfo,<init>,92
66,com.google.javascript.rhino.JSDocInfo$LazilyInitializedInfo,<init>,93
66,com.google.javascript.rhino.JSDocInfo$LazilyInitializedInfo,<init>,94
66,com.google.javascript.rhino.JSDocInfo$LazilyInitializedInfo,<init>,97
66,com.google.javascript.rhino.JSDocInfo$LazilyInitializedInfo,<init>,98
66,com.google.javascript.rhino.JSDocInfo$LazilyInitializedInfo,<init>,99
66,com.google.javascript.rhino.JSDocInfo$LazilyInitializedInfo,<init>,100
66,com.google.javascript.rhino.JSDocInfo$LazilyInitializedInfo,<init>,101
66,com.google.javascript.rhino.JSDocInfo$LazilyInitializedInfo,<init>,102
66,com.google.javascript.rhino.JSDocInfo$LazilyInitializedInfo,<init>,103
66,com.google.javascript.rhino.JSDocInfo$LazilyInitializedInfo,<init>,86
66,com.google.javascript.rhino.JSDocInfo$Visibility,<clinit>,76
66,com.google.javascript.rhino.JSDocInfo$Visibility,<clinit>,77
66,com.google.javascript.rhino.JSDocInfo$Visibility,<clinit>,78
66,com.google.javascript.rhino.JSDocInfo$Visibility,<clinit>,79
66,com.google.javascript.rhino.JSDocInfo$Visibility,<clinit>,83
66,com.google.javascript.rhino.JSDocInfoBuilder,<init>,59
66,com.google.javascript.rhino.JSDocInfoBuilder,<init>,62
66,com.google.javascript.rhino.JSDocInfoBuilder,<init>,65
66,com.google.javascript.rhino.JSDocInfoBuilder,<init>,67
66,com.google.javascript.rhino.JSDocInfoBuilder,<init>,68
66,com.google.javascript.rhino.JSDocInfoBuilder,<init>,69
66,com.google.javascript.rhino.JSDocInfoBuilder,<init>,70
66,com.google.javascript.rhino.JSDocInfoBuilder,build,123
66,com.google.javascript.rhino.JSDocInfoBuilder,build,124
66,com.google.javascript.rhino.JSDocInfoBuilder,build,125
66,com.google.javascript.rhino.JSDocInfoBuilder,build,126
66,com.google.javascript.rhino.JSDocInfoBuilder,build,127
66,com.google.javascript.rhino.JSDocInfoBuilder,build,128
66,com.google.javascript.rhino.JSDocInfoBuilder,build,129
66,com.google.javascript.rhino.JSDocInfoBuilder,hasAnySingletonTypeTags,879
66,com.google.javascript.rhino.JSDocInfoBuilder,hasAnyTypeRelatedTags,863
66,com.google.javascript.rhino.JSDocInfoBuilder,isPopulated,91
66,com.google.javascript.rhino.JSDocInfoBuilder,isPopulatedWithFileOverview,100
66,com.google.javascript.rhino.JSDocInfoBuilder,markAnnotation,147
66,com.google.javascript.rhino.JSDocInfoBuilder,markAnnotation,149
66,com.google.javascript.rhino.JSDocInfoBuilder,markAnnotation,156
66,com.google.javascript.rhino.JSDocInfoBuilder,markAnnotation,157
66,com.google.javascript.rhino.JSDocInfoBuilder,markName,190
66,com.google.javascript.rhino.JSDocInfoBuilder,markName,196
66,com.google.javascript.rhino.JSDocInfoBuilder,markTypeNode,177
66,com.google.javascript.rhino.JSDocInfoBuilder,markTypeNode,184
66,com.google.javascript.rhino.JSDocInfoBuilder,populateDefaults,137
66,com.google.javascript.rhino.JSDocInfoBuilder,populateDefaults,138
66,com.google.javascript.rhino.JSDocInfoBuilder,populateDefaults,140
66,com.google.javascript.rhino.JSDocInfoBuilder,recordConstructor,628
66,com.google.javascript.rhino.JSDocInfoBuilder,recordConstructor,630
66,com.google.javascript.rhino.JSDocInfoBuilder,recordConstructor,631
66,com.google.javascript.rhino.JSDocInfoBuilder,recordConstructor,632
66,com.google.javascript.rhino.JSDocInfoBuilder,recordOriginalCommentString,77
66,com.google.javascript.rhino.JSDocInfoBuilder,recordOriginalCommentString,80
66,com.google.javascript.rhino.JSDocInfoBuilder,recordParameter,231
66,com.google.javascript.rhino.JSDocInfoBuilder,recordParameter,233
66,com.google.javascript.rhino.JSDocInfoBuilder,recordParameter,234
66,com.google.javascript.rhino.JSDocInfoBuilder,recordReturnType,408
66,com.google.javascript.rhino.JSDocInfoBuilder,recordReturnType,410
66,com.google.javascript.rhino.JSDocInfoBuilder,recordReturnType,411
66,com.google.javascript.rhino.JSDocInfoBuilder,recordReturnType,412
66,com.google.javascript.rhino.JSDocInfoBuilder,recordType,379
66,com.google.javascript.rhino.JSDocInfoBuilder,recordType,380
66,com.google.javascript.rhino.JSDocInfoBuilder,recordType,381
66,com.google.javascript.rhino.JSDocInfoBuilder,recordType,382
66,com.google.javascript.rhino.JSDocInfoBuilder,shouldParseDocumentation,83
66,com.google.javascript.rhino.JSTypeExpression,<init>,64
66,com.google.javascript.rhino.JSTypeExpression,<init>,65
66,com.google.javascript.rhino.JSTypeExpression,<init>,66
66,com.google.javascript.rhino.JSTypeExpression,<init>,67
66,com.google.javascript.rhino.JSTypeExpression,evaluate,100
66,com.google.javascript.rhino.JSTypeExpression,isOptionalArg,86
66,com.google.javascript.rhino.JSTypeExpression,isVarArgs,93
66,com.google.javascript.rhino.Node,<init>,368
66,com.google.javascript.rhino.Node,<init>,369
66,com.google.javascript.rhino.Node,<init>,370
66,com.google.javascript.rhino.Node,<init>,371
66,com.google.javascript.rhino.Node,<init>,372
66,com.google.javascript.rhino.Node,<init>,452
66,com.google.javascript.rhino.Node,<init>,453
66,com.google.javascript.rhino.Node,<init>,454
66,com.google.javascript.rhino.Node,<init>,455
66,com.google.javascript.rhino.Node,<init>,456
66,com.google.javascript.rhino.Node,<init>,374
66,com.google.javascript.rhino.Node,<init>,375
66,com.google.javascript.rhino.Node,<init>,377
66,com.google.javascript.rhino.Node,<init>,380
66,com.google.javascript.rhino.Node,<init>,381
66,com.google.javascript.rhino.Node,<init>,382
66,com.google.javascript.rhino.Node,<init>,383
66,com.google.javascript.rhino.Node,<init>,384
66,com.google.javascript.rhino.Node,<init>,385
66,com.google.javascript.rhino.Node,<init>,386
66,com.google.javascript.rhino.Node,<init>,459
66,com.google.javascript.rhino.Node,<init>,460
66,com.google.javascript.rhino.Node,<init>,461
66,com.google.javascript.rhino.Node,<init>,388
66,com.google.javascript.rhino.Node,<init>,389
66,com.google.javascript.rhino.Node,<init>,391
66,com.google.javascript.rhino.Node,<init>,393
66,com.google.javascript.rhino.Node,<init>,395
66,com.google.javascript.rhino.Node,<init>,397
66,com.google.javascript.rhino.Node,<init>,398
66,com.google.javascript.rhino.Node,<init>,399
66,com.google.javascript.rhino.Node,<init>,400
66,com.google.javascript.rhino.Node,<init>,401
66,com.google.javascript.rhino.Node,<init>,402
66,com.google.javascript.rhino.Node,<init>,403
66,com.google.javascript.rhino.Node,<init>,404
66,com.google.javascript.rhino.Node,<init>,405
66,com.google.javascript.rhino.Node,<init>,406
66,com.google.javascript.rhino.Node,addChildToBack,602
66,com.google.javascript.rhino.Node,addChildToBack,603
66,com.google.javascript.rhino.Node,addChildToBack,604
66,com.google.javascript.rhino.Node,addChildToBack,605
66,com.google.javascript.rhino.Node,addChildToBack,606
66,com.google.javascript.rhino.Node,addChildToBack,607
66,com.google.javascript.rhino.Node,addChildToBack,608
66,com.google.javascript.rhino.Node,addChildToBack,610
66,com.google.javascript.rhino.Node,addChildToBack,611
66,com.google.javascript.rhino.Node,addChildToBack,612
66,com.google.javascript.rhino.Node,children,1193
66,com.google.javascript.rhino.Node,children,1194
66,com.google.javascript.rhino.Node,children,1196
66,com.google.javascript.rhino.Node,clonePropsFrom,756
66,com.google.javascript.rhino.Node,clonePropsFrom,758
66,com.google.javascript.rhino.Node,clonePropsFrom,759
66,com.google.javascript.rhino.Node,extractCharno,1173
66,com.google.javascript.rhino.Node,extractCharno,1174
66,com.google.javascript.rhino.Node,extractCharno,1176
66,com.google.javascript.rhino.Node,extractLineno,1161
66,com.google.javascript.rhino.Node,extractLineno,1162
66,com.google.javascript.rhino.Node,extractLineno,1164
66,com.google.javascript.rhino.Node,getBooleanProp,800
66,com.google.javascript.rhino.Node,getCharno,863
66,com.google.javascript.rhino.Node,getChildCount,1345
66,com.google.javascript.rhino.Node,getChildCount,1346
66,com.google.javascript.rhino.Node,getChildCount,1347
66,com.google.javascript.rhino.Node,getChildCount,1349
66,com.google.javascript.rhino.Node,getFirstChild,548
66,com.google.javascript.rhino.Node,getIntProp,808
66,com.google.javascript.rhino.Node,getIntProp,809
66,com.google.javascript.rhino.Node,getIntProp,810
66,com.google.javascript.rhino.Node,getIntProp,812
66,com.google.javascript.rhino.Node,getJSDocInfo,1961
66,com.google.javascript.rhino.Node,getJSType,1919
66,com.google.javascript.rhino.Node,getJsDocBuilderForNode,1927
66,com.google.javascript.rhino.Node,getLastChild,552
66,com.google.javascript.rhino.Node,getLineno,859
66,com.google.javascript.rhino.Node,getNext,556
66,com.google.javascript.rhino.Node,getParent,1267
66,com.google.javascript.rhino.Node,getProp,792
66,com.google.javascript.rhino.Node,getProp,793
66,com.google.javascript.rhino.Node,getProp,794
66,com.google.javascript.rhino.Node,getProp,796
66,com.google.javascript.rhino.Node,getQualifiedName,1727
66,com.google.javascript.rhino.Node,getQualifiedName,1728
66,com.google.javascript.rhino.Node,getQualifiedName,1729
66,com.google.javascript.rhino.Node,getQualifiedName,1730
66,com.google.javascript.rhino.Node,getQualifiedName,1731
66,com.google.javascript.rhino.Node,getQualifiedName,1734
66,com.google.javascript.rhino.Node,getType,536
66,com.google.javascript.rhino.Node,hasChild,1354
66,com.google.javascript.rhino.Node,hasChild,1355
66,com.google.javascript.rhino.Node,hasChild,1356
66,com.google.javascript.rhino.Node,hasChildren,544
66,com.google.javascript.rhino.Node,isOptionalArg,2004
66,com.google.javascript.rhino.Node,isQualifiedName,1747
66,com.google.javascript.rhino.Node,isQualifiedName,1750
66,com.google.javascript.rhino.Node,isQualifiedName,1752
66,com.google.javascript.rhino.Node,isQualifiedName,1754
66,com.google.javascript.rhino.Node,isSyntheticBlock,2020
66,com.google.javascript.rhino.Node,isVarArgs,1986
66,com.google.javascript.rhino.Node,lookupProperty,741
66,com.google.javascript.rhino.Node,lookupProperty,742
66,com.google.javascript.rhino.Node,lookupProperty,743
66,com.google.javascript.rhino.Node,lookupProperty,745
66,com.google.javascript.rhino.Node,mergeLineCharNo,1147
66,com.google.javascript.rhino.Node,mergeLineCharNo,1149
66,com.google.javascript.rhino.Node,mergeLineCharNo,1152
66,com.google.javascript.rhino.Node,newString,524
66,com.google.javascript.rhino.Node,newString,528
66,com.google.javascript.rhino.Node,putBooleanProp,831
66,com.google.javascript.rhino.Node,putBooleanProp,832
66,com.google.javascript.rhino.Node,putIntProp,835
66,com.google.javascript.rhino.Node,putIntProp,836
66,com.google.javascript.rhino.Node,putIntProp,837
66,com.google.javascript.rhino.Node,putIntProp,839
66,com.google.javascript.rhino.Node,putProp,824
66,com.google.javascript.rhino.Node,putProp,825
66,com.google.javascript.rhino.Node,putProp,826
66,com.google.javascript.rhino.Node,putProp,828
66,com.google.javascript.rhino.Node,removeProp,763
66,com.google.javascript.rhino.Node,removeProp,764
66,com.google.javascript.rhino.Node,removeProp,765
66,com.google.javascript.rhino.Node,removeProp,767
66,com.google.javascript.rhino.Node,removeProp,776
66,com.google.javascript.rhino.Node,removeProp,777
66,com.google.javascript.rhino.Node,removeProp,778
66,com.google.javascript.rhino.Node,removeProp,779
66,com.google.javascript.rhino.Node,removeProp,781
66,com.google.javascript.rhino.Node,removeProp,782
66,com.google.javascript.rhino.Node,removeProp,783
66,com.google.javascript.rhino.Node,removeProp,786
66,com.google.javascript.rhino.Node,setCharno,1137
66,com.google.javascript.rhino.Node,setCharno,1138
66,com.google.javascript.rhino.Node,setIsSyntheticBlock,2012
66,com.google.javascript.rhino.Node,setIsSyntheticBlock,2013
66,com.google.javascript.rhino.Node,setJSDocInfo,1968
66,com.google.javascript.rhino.Node,setJSDocInfo,1969
66,com.google.javascript.rhino.Node,setJSType,1923
66,com.google.javascript.rhino.Node,setJSType,1924
66,com.google.javascript.rhino.Node,setLineno,1129
66,com.google.javascript.rhino.Node,setLineno,1130
66,com.google.javascript.rhino.Node,setLineno,1131
66,com.google.javascript.rhino.Node,setLineno,1133
66,com.google.javascript.rhino.Node,setLineno,1134
66,com.google.javascript.rhino.Node,setOptionalArg,1995
66,com.google.javascript.rhino.Node,setOptionalArg,1996
66,com.google.javascript.rhino.Node,setType,540
66,com.google.javascript.rhino.Node,setType,541
66,com.google.javascript.rhino.Node,setVarArgs,1977
66,com.google.javascript.rhino.Node,setVarArgs,1978
66,com.google.javascript.rhino.Node$FileLevelJsDocBuilder,<init>,1938
66,com.google.javascript.rhino.Node$PropListItem,<init>,351
66,com.google.javascript.rhino.Node$PropListItem,<init>,352
66,com.google.javascript.rhino.Node$PropListItem,<init>,359
66,com.google.javascript.rhino.Node$PropListItem,<init>,360
66,com.google.javascript.rhino.Node$PropListItem,<init>,361
66,com.google.javascript.rhino.Node$PropListItem,<init>,362
66,com.google.javascript.rhino.Node$PropListItem,<init>,363
66,com.google.javascript.rhino.Node$PropListItem,<init>,364
66,com.google.javascript.rhino.Node$PropListItem,<init>,355
66,com.google.javascript.rhino.Node$PropListItem,<init>,356
66,com.google.javascript.rhino.Node$SiblingNodeIterable,<init>,1222
66,com.google.javascript.rhino.Node$SiblingNodeIterable,<init>,1223
66,com.google.javascript.rhino.Node$SiblingNodeIterable,<init>,1224
66,com.google.javascript.rhino.Node$SiblingNodeIterable,<init>,1225
66,com.google.javascript.rhino.Node$SiblingNodeIterable,<init>,1226
66,com.google.javascript.rhino.Node$SiblingNodeIterable,hasNext,1244
66,com.google.javascript.rhino.Node$SiblingNodeIterable,iterator,1229
66,com.google.javascript.rhino.Node$SiblingNodeIterable,iterator,1230
66,com.google.javascript.rhino.Node$SiblingNodeIterable,iterator,1231
66,com.google.javascript.rhino.Node$SiblingNodeIterable,next,1248
66,com.google.javascript.rhino.Node$SiblingNodeIterable,next,1252
66,com.google.javascript.rhino.Node$SiblingNodeIterable,next,1254
66,com.google.javascript.rhino.Node$SiblingNodeIterable,next,1216
66,com.google.javascript.rhino.Node$StringNode,<init>,277
66,com.google.javascript.rhino.Node$StringNode,<init>,278
66,com.google.javascript.rhino.Node$StringNode,<init>,281
66,com.google.javascript.rhino.Node$StringNode,<init>,282
66,com.google.javascript.rhino.Node$StringNode,<init>,285
66,com.google.javascript.rhino.Node$StringNode,<init>,286
66,com.google.javascript.rhino.Node$StringNode,<init>,289
66,com.google.javascript.rhino.Node$StringNode,<init>,290
66,com.google.javascript.rhino.Node$StringNode,getString,298
66,com.google.javascript.rhino.ScriptRuntime,<clinit>,82
66,com.google.javascript.rhino.ScriptRuntime,<clinit>,86
66,com.google.javascript.rhino.ScriptRuntime,<clinit>,88
66,com.google.javascript.rhino.ScriptRuntime,<clinit>,608
66,com.google.javascript.rhino.ScriptRuntime,<clinit>,609
66,com.google.javascript.rhino.ScriptRuntime,getMessage,458
66,com.google.javascript.rhino.ScriptRuntime,getMessage,461
66,com.google.javascript.rhino.ScriptRuntime,getMessage,462
66,com.google.javascript.rhino.ScriptRuntime,getMessage,465
66,com.google.javascript.rhino.ScriptRuntime,getMessage,469
66,com.google.javascript.rhino.ScriptRuntime,getMessage,473
66,com.google.javascript.rhino.ScriptRuntime,getMessage,481
66,com.google.javascript.rhino.ScriptRuntime,getMessage,482
66,com.google.javascript.rhino.ScriptRuntime,getMessage0,422
66,com.google.javascript.rhino.jstype.AllType,<init>,53
66,com.google.javascript.rhino.jstype.AllType,<init>,54
66,com.google.javascript.rhino.jstype.AllType,isAllType,68
66,com.google.javascript.rhino.jstype.AllType,resolveInternal,120
66,com.google.javascript.rhino.jstype.AllType,toString,95
66,com.google.javascript.rhino.jstype.ArrowType,<init>,64
66,com.google.javascript.rhino.jstype.ArrowType,<init>,65
66,com.google.javascript.rhino.jstype.ArrowType,<init>,69
66,com.google.javascript.rhino.jstype.ArrowType,<init>,71
66,com.google.javascript.rhino.jstype.ArrowType,<init>,74
66,com.google.javascript.rhino.jstype.ArrowType,<init>,76
66,com.google.javascript.rhino.jstype.ArrowType,<init>,77
66,com.google.javascript.rhino.jstype.ArrowType,hasEqualParameters,147
66,com.google.javascript.rhino.jstype.ArrowType,hasEqualParameters,148
66,com.google.javascript.rhino.jstype.ArrowType,hasEqualParameters,149
66,com.google.javascript.rhino.jstype.ArrowType,hasEqualParameters,150
66,com.google.javascript.rhino.jstype.ArrowType,hasEqualParameters,151
66,com.google.javascript.rhino.jstype.ArrowType,hasEqualParameters,152
66,com.google.javascript.rhino.jstype.ArrowType,hasEqualParameters,154
66,com.google.javascript.rhino.jstype.ArrowType,hasEqualParameters,163
66,com.google.javascript.rhino.jstype.ArrowType,hasEqualParameters,164
66,com.google.javascript.rhino.jstype.ArrowType,hasEqualParameters,165
66,com.google.javascript.rhino.jstype.ArrowType,hasEqualParameters,168
66,com.google.javascript.rhino.jstype.ArrowType,hashCode,187
66,com.google.javascript.rhino.jstype.ArrowType,hashCode,188
66,com.google.javascript.rhino.jstype.ArrowType,hashCode,189
66,com.google.javascript.rhino.jstype.ArrowType,hashCode,191
66,com.google.javascript.rhino.jstype.ArrowType,hashCode,194
66,com.google.javascript.rhino.jstype.ArrowType,hashCode,195
66,com.google.javascript.rhino.jstype.ArrowType,hashCode,196
66,com.google.javascript.rhino.jstype.ArrowType,hashCode,197
66,com.google.javascript.rhino.jstype.ArrowType,hashCode,198
66,com.google.javascript.rhino.jstype.ArrowType,hashCode,199
66,com.google.javascript.rhino.jstype.ArrowType,hashCode,201
66,com.google.javascript.rhino.jstype.ArrowType,hashCode,202
66,com.google.javascript.rhino.jstype.ArrowType,hashCode,204
66,com.google.javascript.rhino.jstype.ArrowType,isEquivalentTo,174
66,com.google.javascript.rhino.jstype.ArrowType,isEquivalentTo,177
66,com.google.javascript.rhino.jstype.ArrowType,isEquivalentTo,178
66,com.google.javascript.rhino.jstype.ArrowType,isEquivalentTo,182
66,com.google.javascript.rhino.jstype.ArrowType,resolveInternal,234
66,com.google.javascript.rhino.jstype.ArrowType,resolveInternal,235
66,com.google.javascript.rhino.jstype.ArrowType,resolveInternal,236
66,com.google.javascript.rhino.jstype.ArrowType,resolveInternal,237
66,com.google.javascript.rhino.jstype.ArrowType,resolveInternal,238
66,com.google.javascript.rhino.jstype.ArrowType,resolveInternal,241
66,com.google.javascript.rhino.jstype.BooleanType,<init>,53
66,com.google.javascript.rhino.jstype.BooleanType,<init>,54
66,com.google.javascript.rhino.jstype.BooleanType,getDisplayName,108
66,com.google.javascript.rhino.jstype.BooleanType,isSubtype,49
66,com.google.javascript.rhino.jstype.BooleanType,toString,103
66,com.google.javascript.rhino.jstype.ErrorFunctionType,<init>,51
66,com.google.javascript.rhino.jstype.ErrorFunctionType,<init>,73
66,com.google.javascript.rhino.jstype.ErrorFunctionType,<init>,74
66,com.google.javascript.rhino.jstype.FunctionBuilder,<init>,54
66,com.google.javascript.rhino.jstype.FunctionBuilder,<init>,55
66,com.google.javascript.rhino.jstype.FunctionBuilder,<init>,56
66,com.google.javascript.rhino.jstype.FunctionBuilder,<init>,57
66,com.google.javascript.rhino.jstype.FunctionBuilder,<init>,58
66,com.google.javascript.rhino.jstype.FunctionBuilder,<init>,59
66,com.google.javascript.rhino.jstype.FunctionBuilder,<init>,60
66,com.google.javascript.rhino.jstype.FunctionBuilder,<init>,61
66,com.google.javascript.rhino.jstype.FunctionBuilder,<init>,62
66,com.google.javascript.rhino.jstype.FunctionBuilder,<init>,64
66,com.google.javascript.rhino.jstype.FunctionBuilder,<init>,65
66,com.google.javascript.rhino.jstype.FunctionBuilder,<init>,66
66,com.google.javascript.rhino.jstype.FunctionBuilder,build,159
66,com.google.javascript.rhino.jstype.FunctionBuilder,withName,70
66,com.google.javascript.rhino.jstype.FunctionBuilder,withName,71
66,com.google.javascript.rhino.jstype.FunctionBuilder,withParamsNode,90
66,com.google.javascript.rhino.jstype.FunctionBuilder,withParamsNode,91
66,com.google.javascript.rhino.jstype.FunctionBuilder,withReturnType,96
66,com.google.javascript.rhino.jstype.FunctionBuilder,withReturnType,97
66,com.google.javascript.rhino.jstype.FunctionBuilder,withReturnType,102
66,com.google.javascript.rhino.jstype.FunctionBuilder,withReturnType,103
66,com.google.javascript.rhino.jstype.FunctionBuilder,withReturnType,104
66,com.google.javascript.rhino.jstype.FunctionBuilder,withSourceNode,76
66,com.google.javascript.rhino.jstype.FunctionBuilder,withSourceNode,77
66,com.google.javascript.rhino.jstype.FunctionBuilder,withTemplateName,122
66,com.google.javascript.rhino.jstype.FunctionBuilder,withTemplateName,123
66,com.google.javascript.rhino.jstype.FunctionBuilder,withTypeOfThis,116
66,com.google.javascript.rhino.jstype.FunctionBuilder,withTypeOfThis,117
66,com.google.javascript.rhino.jstype.FunctionParamBuilder,<init>,52
66,com.google.javascript.rhino.jstype.FunctionParamBuilder,<init>,54
66,com.google.javascript.rhino.jstype.FunctionParamBuilder,<init>,55
66,com.google.javascript.rhino.jstype.FunctionParamBuilder,<init>,56
66,com.google.javascript.rhino.jstype.FunctionParamBuilder,addOptionalParams,80
66,com.google.javascript.rhino.jstype.FunctionParamBuilder,addOptionalParams,84
66,com.google.javascript.rhino.jstype.FunctionParamBuilder,addOptionalParams,85
66,com.google.javascript.rhino.jstype.FunctionParamBuilder,addOptionalParams,87
66,com.google.javascript.rhino.jstype.FunctionParamBuilder,addRequiredParams,63
66,com.google.javascript.rhino.jstype.FunctionParamBuilder,addRequiredParams,67
66,com.google.javascript.rhino.jstype.FunctionParamBuilder,addRequiredParams,68
66,com.google.javascript.rhino.jstype.FunctionParamBuilder,addRequiredParams,70
66,com.google.javascript.rhino.jstype.FunctionParamBuilder,addVarArgs,95
66,com.google.javascript.rhino.jstype.FunctionParamBuilder,addVarArgs,104
66,com.google.javascript.rhino.jstype.FunctionParamBuilder,addVarArgs,105
66,com.google.javascript.rhino.jstype.FunctionParamBuilder,addVarArgs,107
66,com.google.javascript.rhino.jstype.FunctionParamBuilder,addVarArgs,108
66,com.google.javascript.rhino.jstype.FunctionParamBuilder,build,130
66,com.google.javascript.rhino.jstype.FunctionParamBuilder,hasOptionalOrVarArgs,134
66,com.google.javascript.rhino.jstype.FunctionParamBuilder,hasOptionalOrVarArgs,135
66,com.google.javascript.rhino.jstype.FunctionParamBuilder,hasVarArgs,140
66,com.google.javascript.rhino.jstype.FunctionParamBuilder,hasVarArgs,141
66,com.google.javascript.rhino.jstype.FunctionParamBuilder,newParameter,123
66,com.google.javascript.rhino.jstype.FunctionParamBuilder,newParameter,124
66,com.google.javascript.rhino.jstype.FunctionParamBuilder,newParameter,125
66,com.google.javascript.rhino.jstype.FunctionParamBuilder,newParameter,126
66,com.google.javascript.rhino.jstype.FunctionPrototypeType,<init>,62
66,com.google.javascript.rhino.jstype.FunctionPrototypeType,<init>,63
66,com.google.javascript.rhino.jstype.FunctionPrototypeType,<init>,55
66,com.google.javascript.rhino.jstype.FunctionPrototypeType,<init>,57
66,com.google.javascript.rhino.jstype.FunctionPrototypeType,<init>,58
66,com.google.javascript.rhino.jstype.FunctionPrototypeType,getPropertiesCount,48
66,com.google.javascript.rhino.jstype.FunctionPrototypeType,getReferenceName,67
66,com.google.javascript.rhino.jstype.FunctionPrototypeType,getReferenceName,70
66,com.google.javascript.rhino.jstype.FunctionPrototypeType,hasReferenceName,76
66,com.google.javascript.rhino.jstype.FunctionType,<init>,108
66,com.google.javascript.rhino.jstype.FunctionType,<init>,125
66,com.google.javascript.rhino.jstype.FunctionType,<init>,128
66,com.google.javascript.rhino.jstype.FunctionType,<init>,130
66,com.google.javascript.rhino.jstype.FunctionType,<init>,131
66,com.google.javascript.rhino.jstype.FunctionType,<init>,132
66,com.google.javascript.rhino.jstype.FunctionType,<init>,133
66,com.google.javascript.rhino.jstype.FunctionType,<init>,134
66,com.google.javascript.rhino.jstype.FunctionType,<init>,137
66,com.google.javascript.rhino.jstype.FunctionType,<init>,141
66,com.google.javascript.rhino.jstype.FunctionType,<init>,142
66,com.google.javascript.rhino.jstype.FunctionType,<init>,143
66,com.google.javascript.rhino.jstype.FunctionType,addSubType,829
66,com.google.javascript.rhino.jstype.FunctionType,addSubType,830
66,com.google.javascript.rhino.jstype.FunctionType,addSubType,832
66,com.google.javascript.rhino.jstype.FunctionType,addSubType,833
66,com.google.javascript.rhino.jstype.FunctionType,appendVarArgsString,721
66,com.google.javascript.rhino.jstype.FunctionType,appendVarArgsString,726
66,com.google.javascript.rhino.jstype.FunctionType,appendVarArgsString,727
66,com.google.javascript.rhino.jstype.FunctionType,clearCachedValues,837
66,com.google.javascript.rhino.jstype.FunctionType,clearCachedValues,839
66,com.google.javascript.rhino.jstype.FunctionType,clearCachedValues,840
66,com.google.javascript.rhino.jstype.FunctionType,clearCachedValues,841
66,com.google.javascript.rhino.jstype.FunctionType,clearCachedValues,842
66,com.google.javascript.rhino.jstype.FunctionType,clearCachedValues,845
66,com.google.javascript.rhino.jstype.FunctionType,clearCachedValues,846
66,com.google.javascript.rhino.jstype.FunctionType,clearCachedValues,847
66,com.google.javascript.rhino.jstype.FunctionType,clearCachedValues,850
66,com.google.javascript.rhino.jstype.FunctionType,clearCachedValues,851
66,com.google.javascript.rhino.jstype.FunctionType,clearCachedValues,854
66,com.google.javascript.rhino.jstype.FunctionType,defineProperty,435
66,com.google.javascript.rhino.jstype.FunctionType,defineProperty,436
66,com.google.javascript.rhino.jstype.FunctionType,defineProperty,437
66,com.google.javascript.rhino.jstype.FunctionType,defineProperty,438
66,com.google.javascript.rhino.jstype.FunctionType,defineProperty,441
66,com.google.javascript.rhino.jstype.FunctionType,getAllImplementedInterfaces,320
66,com.google.javascript.rhino.jstype.FunctionType,getAllImplementedInterfaces,322
66,com.google.javascript.rhino.jstype.FunctionType,getAllImplementedInterfaces,325
66,com.google.javascript.rhino.jstype.FunctionType,getImplementedInterfaces,346
66,com.google.javascript.rhino.jstype.FunctionType,getImplementedInterfaces,348
66,com.google.javascript.rhino.jstype.FunctionType,getImplementedInterfaces,349
66,com.google.javascript.rhino.jstype.FunctionType,getImplementedInterfaces,351
66,com.google.javascript.rhino.jstype.FunctionType,getInstanceType,789
66,com.google.javascript.rhino.jstype.FunctionType,getInstanceType,790
66,com.google.javascript.rhino.jstype.FunctionType,getInternalArrowType,251
66,com.google.javascript.rhino.jstype.FunctionType,getMaxArguments,230
66,com.google.javascript.rhino.jstype.FunctionType,getMaxArguments,231
66,com.google.javascript.rhino.jstype.FunctionType,getMaxArguments,232
66,com.google.javascript.rhino.jstype.FunctionType,getMaxArguments,233
66,com.google.javascript.rhino.jstype.FunctionType,getMaxArguments,234
66,com.google.javascript.rhino.jstype.FunctionType,getMinArguments,214
66,com.google.javascript.rhino.jstype.FunctionType,getMinArguments,215
66,com.google.javascript.rhino.jstype.FunctionType,getMinArguments,216
66,com.google.javascript.rhino.jstype.FunctionType,getMinArguments,217
66,com.google.javascript.rhino.jstype.FunctionType,getMinArguments,218
66,com.google.javascript.rhino.jstype.FunctionType,getMinArguments,221
66,com.google.javascript.rhino.jstype.FunctionType,getMinArguments,222
66,com.google.javascript.rhino.jstype.FunctionType,getParameters,196
66,com.google.javascript.rhino.jstype.FunctionType,getParameters,197
66,com.google.javascript.rhino.jstype.FunctionType,getParameters,198
66,com.google.javascript.rhino.jstype.FunctionType,getParametersNode,206
66,com.google.javascript.rhino.jstype.FunctionType,getPropertiesCount,65
66,com.google.javascript.rhino.jstype.FunctionType,getPrototype,260
66,com.google.javascript.rhino.jstype.FunctionType,getPrototype,261
66,com.google.javascript.rhino.jstype.FunctionType,getPrototype,263
66,com.google.javascript.rhino.jstype.FunctionType,getReturnType,242
66,com.google.javascript.rhino.jstype.FunctionType,getSource,817
66,com.google.javascript.rhino.jstype.FunctionType,getSuperClassConstructor,603
66,com.google.javascript.rhino.jstype.FunctionType,getSuperClassConstructor,604
66,com.google.javascript.rhino.jstype.FunctionType,getSuperClassConstructor,605
66,com.google.javascript.rhino.jstype.FunctionType,getSuperClassConstructor,608
66,com.google.javascript.rhino.jstype.FunctionType,getTypeOfThis,809
66,com.google.javascript.rhino.jstype.FunctionType,hasCachedValues,867
66,com.google.javascript.rhino.jstype.FunctionType,hasEqualCallType,666
66,com.google.javascript.rhino.jstype.FunctionType,hasInstanceType,802
66,com.google.javascript.rhino.jstype.FunctionType,hasProperty,366
66,com.google.javascript.rhino.jstype.FunctionType,hashCode,662
66,com.google.javascript.rhino.jstype.FunctionType,isConstructor,172
66,com.google.javascript.rhino.jstype.FunctionType,isEquivalentTo,634
66,com.google.javascript.rhino.jstype.FunctionType,isEquivalentTo,635
66,com.google.javascript.rhino.jstype.FunctionType,isEquivalentTo,637
66,com.google.javascript.rhino.jstype.FunctionType,isEquivalentTo,638
66,com.google.javascript.rhino.jstype.FunctionType,isEquivalentTo,641
66,com.google.javascript.rhino.jstype.FunctionType,isEquivalentTo,642
66,com.google.javascript.rhino.jstype.FunctionType,isEquivalentTo,643
66,com.google.javascript.rhino.jstype.FunctionType,isFunctionType,187
66,com.google.javascript.rhino.jstype.FunctionType,isInterface,177
66,com.google.javascript.rhino.jstype.FunctionType,isSubtype,736
66,com.google.javascript.rhino.jstype.FunctionType,isSubtype,737
66,com.google.javascript.rhino.jstype.FunctionType,isSubtype,740
66,com.google.javascript.rhino.jstype.FunctionType,isSubtype,775
66,com.google.javascript.rhino.jstype.FunctionType,resolveInternal,879
66,com.google.javascript.rhino.jstype.FunctionType,resolveInternal,881
66,com.google.javascript.rhino.jstype.FunctionType,resolveInternal,882
66,com.google.javascript.rhino.jstype.FunctionType,resolveInternal,895
66,com.google.javascript.rhino.jstype.FunctionType,resolveInternal,896
66,com.google.javascript.rhino.jstype.FunctionType,resolveInternal,897
66,com.google.javascript.rhino.jstype.FunctionType,resolveInternal,899
66,com.google.javascript.rhino.jstype.FunctionType,resolveInternal,900
66,com.google.javascript.rhino.jstype.FunctionType,resolveInternal,903
66,com.google.javascript.rhino.jstype.FunctionType,resolveInternal,904
66,com.google.javascript.rhino.jstype.FunctionType,resolveInternal,906
66,com.google.javascript.rhino.jstype.FunctionType,resolveInternal,911
66,com.google.javascript.rhino.jstype.FunctionType,resolveInternal,915
66,com.google.javascript.rhino.jstype.FunctionType,resolveInternal,916
66,com.google.javascript.rhino.jstype.FunctionType,resolveInternal,917
66,com.google.javascript.rhino.jstype.FunctionType,resolveInternal,921
66,com.google.javascript.rhino.jstype.FunctionType,setImplementedInterfaces,358
66,com.google.javascript.rhino.jstype.FunctionType,setImplementedInterfaces,361
66,com.google.javascript.rhino.jstype.FunctionType,setImplementedInterfaces,362
66,com.google.javascript.rhino.jstype.FunctionType,setInstanceType,795
66,com.google.javascript.rhino.jstype.FunctionType,setInstanceType,796
66,com.google.javascript.rhino.jstype.FunctionType,setPrototype,287
66,com.google.javascript.rhino.jstype.FunctionType,setPrototype,291
66,com.google.javascript.rhino.jstype.FunctionType,setPrototype,295
66,com.google.javascript.rhino.jstype.FunctionType,setPrototype,296
66,com.google.javascript.rhino.jstype.FunctionType,setPrototype,298
66,com.google.javascript.rhino.jstype.FunctionType,setPrototype,299
66,com.google.javascript.rhino.jstype.FunctionType,setPrototype,300
66,com.google.javascript.rhino.jstype.FunctionType,setPrototype,301
66,com.google.javascript.rhino.jstype.FunctionType,setPrototype,305
66,com.google.javascript.rhino.jstype.FunctionType,setPrototype,306
66,com.google.javascript.rhino.jstype.FunctionType,setPrototype,309
66,com.google.javascript.rhino.jstype.FunctionType,setPrototypeBasedOn,272
66,com.google.javascript.rhino.jstype.FunctionType,setPrototypeBasedOn,273
66,com.google.javascript.rhino.jstype.FunctionType,setPrototypeBasedOn,279
66,com.google.javascript.rhino.jstype.FunctionType,setSource,824
66,com.google.javascript.rhino.jstype.FunctionType,setSource,825
66,com.google.javascript.rhino.jstype.FunctionType,toString,677
66,com.google.javascript.rhino.jstype.FunctionType,toString,678
66,com.google.javascript.rhino.jstype.FunctionType,toString,681
66,com.google.javascript.rhino.jstype.FunctionType,toString,682
66,com.google.javascript.rhino.jstype.FunctionType,toString,683
66,com.google.javascript.rhino.jstype.FunctionType,toString,684
66,com.google.javascript.rhino.jstype.FunctionType,toString,685
66,com.google.javascript.rhino.jstype.FunctionType,toString,686
66,com.google.javascript.rhino.jstype.FunctionType,toString,687
66,com.google.javascript.rhino.jstype.FunctionType,toString,691
66,com.google.javascript.rhino.jstype.FunctionType,toString,693
66,com.google.javascript.rhino.jstype.FunctionType,toString,694
66,com.google.javascript.rhino.jstype.FunctionType,toString,695
66,com.google.javascript.rhino.jstype.FunctionType,toString,697
66,com.google.javascript.rhino.jstype.FunctionType,toString,698
66,com.google.javascript.rhino.jstype.FunctionType,toString,699
66,com.google.javascript.rhino.jstype.FunctionType,toString,701
66,com.google.javascript.rhino.jstype.FunctionType,toString,703
66,com.google.javascript.rhino.jstype.FunctionType,toString,704
66,com.google.javascript.rhino.jstype.FunctionType,toString,714
66,com.google.javascript.rhino.jstype.FunctionType,toString,715
66,com.google.javascript.rhino.jstype.FunctionType,toString,716
66,com.google.javascript.rhino.jstype.FunctionType$Kind,<clinit>,68
66,com.google.javascript.rhino.jstype.FunctionType$Kind,<clinit>,69
66,com.google.javascript.rhino.jstype.FunctionType$Kind,<clinit>,70
66,com.google.javascript.rhino.jstype.FunctionType$Kind,<clinit>,71
66,com.google.javascript.rhino.jstype.InstanceObjectType,<init>,60
66,com.google.javascript.rhino.jstype.InstanceObjectType,<init>,61
66,com.google.javascript.rhino.jstype.InstanceObjectType,<init>,62
66,com.google.javascript.rhino.jstype.InstanceObjectType,<init>,63
66,com.google.javascript.rhino.jstype.InstanceObjectType,defineProperty,88
66,com.google.javascript.rhino.jstype.InstanceObjectType,defineProperty,89
66,com.google.javascript.rhino.jstype.InstanceObjectType,defineProperty,92
66,com.google.javascript.rhino.jstype.InstanceObjectType,getConstructor,82
66,com.google.javascript.rhino.jstype.InstanceObjectType,getImplicitPrototype,77
66,com.google.javascript.rhino.jstype.InstanceObjectType,getPropertiesCount,49
66,com.google.javascript.rhino.jstype.InstanceObjectType,getReferenceName,67
66,com.google.javascript.rhino.jstype.InstanceObjectType,hasReferenceName,72
66,com.google.javascript.rhino.jstype.InstanceObjectType,hashCode,168
66,com.google.javascript.rhino.jstype.InstanceObjectType,hashCode,169
66,com.google.javascript.rhino.jstype.InstanceObjectType,isEquivalentTo,151
66,com.google.javascript.rhino.jstype.InstanceObjectType,isEquivalentTo,152
66,com.google.javascript.rhino.jstype.InstanceObjectType,isEquivalentTo,153
66,com.google.javascript.rhino.jstype.InstanceObjectType,isEquivalentTo,154
66,com.google.javascript.rhino.jstype.InstanceObjectType,isEquivalentTo,155
66,com.google.javascript.rhino.jstype.InstanceObjectType,isEquivalentTo,156
66,com.google.javascript.rhino.jstype.InstanceObjectType,isEquivalentTo,159
66,com.google.javascript.rhino.jstype.InstanceObjectType,isNominalType,146
66,com.google.javascript.rhino.jstype.InstanceObjectType,toString,97
66,com.google.javascript.rhino.jstype.InstanceObjectType,toString,98
66,com.google.javascript.rhino.jstype.JSType,<clinit>,90
66,com.google.javascript.rhino.jstype.JSType,<init>,70
66,com.google.javascript.rhino.jstype.JSType,<init>,71
66,com.google.javascript.rhino.jstype.JSType,<init>,102
66,com.google.javascript.rhino.jstype.JSType,<init>,103
66,com.google.javascript.rhino.jstype.JSType,<init>,104
66,com.google.javascript.rhino.jstype.JSType,autoboxesTo,454
66,com.google.javascript.rhino.jstype.JSType,canAssignTo,442
66,com.google.javascript.rhino.jstype.JSType,canAssignTo,443
66,com.google.javascript.rhino.jstype.JSType,dereference,484
66,com.google.javascript.rhino.jstype.JSType,dereference,485
66,com.google.javascript.rhino.jstype.JSType,dereference,486
66,com.google.javascript.rhino.jstype.JSType,equals,345
66,com.google.javascript.rhino.jstype.JSType,getJSDocInfo,119
66,com.google.javascript.rhino.jstype.JSType,getNativeType,110
66,com.google.javascript.rhino.jstype.JSType,hashCode,351
66,com.google.javascript.rhino.jstype.JSType,isAllType,238
66,com.google.javascript.rhino.jstype.JSType,isConstructor,290
66,com.google.javascript.rhino.jstype.JSType,isEmptyType,163
66,com.google.javascript.rhino.jstype.JSType,isEnumType,262
66,com.google.javascript.rhino.jstype.JSType,isEquivalentTo,328
66,com.google.javascript.rhino.jstype.JSType,isEquivalentTo,335
66,com.google.javascript.rhino.jstype.JSType,isFunctionType,254
66,com.google.javascript.rhino.jstype.JSType,isInstanceType,305
66,com.google.javascript.rhino.jstype.JSType,isInterface,313
66,com.google.javascript.rhino.jstype.JSType,isNoObjectType,159
66,com.google.javascript.rhino.jstype.JSType,isNoResolvedType,155
66,com.google.javascript.rhino.jstype.JSType,isNoType,151
66,com.google.javascript.rhino.jstype.JSType,isNominalType,298
66,com.google.javascript.rhino.jstype.JSType,isSubtype,895
66,com.google.javascript.rhino.jstype.JSType,isSubtype,896
66,com.google.javascript.rhino.jstype.JSType,isSubtype,899
66,com.google.javascript.rhino.jstype.JSType,isSubtype,900
66,com.google.javascript.rhino.jstype.JSType,isSubtype,903
66,com.google.javascript.rhino.jstype.JSType,isSubtype,907
66,com.google.javascript.rhino.jstype.JSType,isSubtype,908
66,com.google.javascript.rhino.jstype.JSType,isSubtype,909
66,com.google.javascript.rhino.jstype.JSType,isSubtype,910
66,com.google.javascript.rhino.jstype.JSType,isSubtype,911
66,com.google.javascript.rhino.jstype.JSType,isSubtype,913
66,com.google.javascript.rhino.jstype.JSType,isSubtype,916
66,com.google.javascript.rhino.jstype.JSType,isSubtype,919
66,com.google.javascript.rhino.jstype.JSType,isUnionType,250
66,com.google.javascript.rhino.jstype.JSType,isUnknownType,242
66,com.google.javascript.rhino.jstype.JSType,resolve,957
66,com.google.javascript.rhino.jstype.JSType,resolve,960
66,com.google.javascript.rhino.jstype.JSType,resolve,963
66,com.google.javascript.rhino.jstype.JSType,resolve,965
66,com.google.javascript.rhino.jstype.JSType,resolve,966
66,com.google.javascript.rhino.jstype.JSType,resolve,967
66,com.google.javascript.rhino.jstype.JSType,resolve,968
66,com.google.javascript.rhino.jstype.JSType,restrictByNotNullOrUndefined,841
66,com.google.javascript.rhino.jstype.JSType,safeResolve,998
66,com.google.javascript.rhino.jstype.JSType,setResolvedTypeInternal,977
66,com.google.javascript.rhino.jstype.JSType,setResolvedTypeInternal,978
66,com.google.javascript.rhino.jstype.JSType,setResolvedTypeInternal,979
66,com.google.javascript.rhino.jstype.JSType,toObjectType,474
66,com.google.javascript.rhino.jstype.JSType$1,compare,90
66,com.google.javascript.rhino.jstype.JSTypeNative,<clinit>,47
66,com.google.javascript.rhino.jstype.JSTypeNative,<clinit>,50
66,com.google.javascript.rhino.jstype.JSTypeNative,<clinit>,51
66,com.google.javascript.rhino.jstype.JSTypeNative,<clinit>,53
66,com.google.javascript.rhino.jstype.JSTypeNative,<clinit>,54
66,com.google.javascript.rhino.jstype.JSTypeNative,<clinit>,55
66,com.google.javascript.rhino.jstype.JSTypeNative,<clinit>,79
66,com.google.javascript.rhino.jstype.JSTypeNative,<clinit>,81
66,com.google.javascript.rhino.jstype.JSTypeNative,<clinit>,82
66,com.google.javascript.rhino.jstype.JSTypeNative,<clinit>,84
66,com.google.javascript.rhino.jstype.JSTypeNative,<clinit>,85
66,com.google.javascript.rhino.jstype.JSTypeNative,<clinit>,87
66,com.google.javascript.rhino.jstype.JSTypeNative,<clinit>,88
66,com.google.javascript.rhino.jstype.JSTypeNative,<clinit>,90
66,com.google.javascript.rhino.jstype.JSTypeNative,<clinit>,91
66,com.google.javascript.rhino.jstype.JSTypeNative,<clinit>,92
66,com.google.javascript.rhino.jstype.JSTypeNative,<clinit>,94
66,com.google.javascript.rhino.jstype.JSTypeNative,<clinit>,96
66,com.google.javascript.rhino.jstype.JSTypeNative,<clinit>,97
66,com.google.javascript.rhino.jstype.JSTypeNative,<clinit>,98
66,com.google.javascript.rhino.jstype.JSTypeNative,<clinit>,100
66,com.google.javascript.rhino.jstype.JSTypeNative,<clinit>,101
66,com.google.javascript.rhino.jstype.JSTypeNative,<clinit>,102
66,com.google.javascript.rhino.jstype.JSTypeNative,<clinit>,104
66,com.google.javascript.rhino.jstype.JSTypeNative,<clinit>,105
66,com.google.javascript.rhino.jstype.JSTypeNative,<clinit>,107
66,com.google.javascript.rhino.jstype.JSTypeNative,<clinit>,108
66,com.google.javascript.rhino.jstype.JSTypeNative,<clinit>,110
66,com.google.javascript.rhino.jstype.JSTypeNative,<clinit>,111
66,com.google.javascript.rhino.jstype.JSTypeNative,<clinit>,113
66,com.google.javascript.rhino.jstype.JSTypeNative,<clinit>,114
66,com.google.javascript.rhino.jstype.JSTypeNative,<clinit>,115
66,com.google.javascript.rhino.jstype.JSTypeNative,<clinit>,117
66,com.google.javascript.rhino.jstype.JSTypeNative,<clinit>,118
66,com.google.javascript.rhino.jstype.JSTypeNative,<clinit>,120
66,com.google.javascript.rhino.jstype.JSTypeNative,<clinit>,121
66,com.google.javascript.rhino.jstype.JSTypeNative,<clinit>,123
66,com.google.javascript.rhino.jstype.JSTypeNative,<clinit>,125
66,com.google.javascript.rhino.jstype.JSTypeNative,<clinit>,126
66,com.google.javascript.rhino.jstype.JSTypeNative,<clinit>,128
66,com.google.javascript.rhino.jstype.JSTypeNative,<clinit>,132
66,com.google.javascript.rhino.jstype.JSTypeNative,<clinit>,133
66,com.google.javascript.rhino.jstype.JSTypeNative,<clinit>,134
66,com.google.javascript.rhino.jstype.JSTypeNative,<clinit>,135
66,com.google.javascript.rhino.jstype.JSTypeNative,<clinit>,136
66,com.google.javascript.rhino.jstype.JSTypeNative,<clinit>,137
66,com.google.javascript.rhino.jstype.JSTypeNative,<clinit>,138
66,com.google.javascript.rhino.jstype.JSTypeNative,<clinit>,139
66,com.google.javascript.rhino.jstype.JSTypeNative,<clinit>,140
66,com.google.javascript.rhino.jstype.JSTypeNative,<clinit>,141
66,com.google.javascript.rhino.jstype.JSTypeNative,<clinit>,143
66,com.google.javascript.rhino.jstype.JSTypeNative,<clinit>,144
66,com.google.javascript.rhino.jstype.JSTypeNative,<clinit>,149
66,com.google.javascript.rhino.jstype.JSTypeNative,<clinit>,154
66,com.google.javascript.rhino.jstype.JSTypeNative,<clinit>,159
66,com.google.javascript.rhino.jstype.JSTypeNative,<clinit>,164
66,com.google.javascript.rhino.jstype.JSTypeRegistry,<init>,93
66,com.google.javascript.rhino.jstype.JSTypeRegistry,<init>,108
66,com.google.javascript.rhino.jstype.JSTypeRegistry,<init>,113
66,com.google.javascript.rhino.jstype.JSTypeRegistry,<init>,117
66,com.google.javascript.rhino.jstype.JSTypeRegistry,<init>,123
66,com.google.javascript.rhino.jstype.JSTypeRegistry,<init>,129
66,com.google.javascript.rhino.jstype.JSTypeRegistry,<init>,133
66,com.google.javascript.rhino.jstype.JSTypeRegistry,<init>,137
66,com.google.javascript.rhino.jstype.JSTypeRegistry,<init>,141
66,com.google.javascript.rhino.jstype.JSTypeRegistry,<init>,145
66,com.google.javascript.rhino.jstype.JSTypeRegistry,<init>,183
66,com.google.javascript.rhino.jstype.JSTypeRegistry,<init>,196
66,com.google.javascript.rhino.jstype.JSTypeRegistry,<init>,197
66,com.google.javascript.rhino.jstype.JSTypeRegistry,<init>,198
66,com.google.javascript.rhino.jstype.JSTypeRegistry,<init>,199
66,com.google.javascript.rhino.jstype.JSTypeRegistry,<init>,200
66,com.google.javascript.rhino.jstype.JSTypeRegistry,<init>,201
66,com.google.javascript.rhino.jstype.JSTypeRegistry,<init>,202
66,com.google.javascript.rhino.jstype.JSTypeRegistry,addReferenceTypeIndexedByProperty,618
66,com.google.javascript.rhino.jstype.JSTypeRegistry,addReferenceTypeIndexedByProperty,619
66,com.google.javascript.rhino.jstype.JSTypeRegistry,addReferenceTypeIndexedByProperty,621
66,com.google.javascript.rhino.jstype.JSTypeRegistry,addReferenceTypeIndexedByProperty,622
66,com.google.javascript.rhino.jstype.JSTypeRegistry,addReferenceTypeIndexedByProperty,623
66,com.google.javascript.rhino.jstype.JSTypeRegistry,addReferenceTypeIndexedByProperty,625
66,com.google.javascript.rhino.jstype.JSTypeRegistry,addReferenceTypeIndexedByProperty,626
66,com.google.javascript.rhino.jstype.JSTypeRegistry,addReferenceTypeIndexedByProperty,627
66,com.google.javascript.rhino.jstype.JSTypeRegistry,addReferenceTypeIndexedByProperty,635
66,com.google.javascript.rhino.jstype.JSTypeRegistry,clearTemplateTypeName,1599
66,com.google.javascript.rhino.jstype.JSTypeRegistry,clearTemplateTypeName,1600
66,com.google.javascript.rhino.jstype.JSTypeRegistry,clearTemplateTypeName,1601
66,com.google.javascript.rhino.jstype.JSTypeRegistry,createArrowType,979
66,com.google.javascript.rhino.jstype.JSTypeRegistry,createArrowType,969
66,com.google.javascript.rhino.jstype.JSTypeRegistry,createConstructorType,1287
66,com.google.javascript.rhino.jstype.JSTypeRegistry,createDefaultObjectUnion,908
66,com.google.javascript.rhino.jstype.JSTypeRegistry,createFromTypeNodes,1348
66,com.google.javascript.rhino.jstype.JSTypeRegistry,createFromTypeNodes,1356
66,com.google.javascript.rhino.jstype.JSTypeRegistry,createFromTypeNodesInternal,1377
66,com.google.javascript.rhino.jstype.JSTypeRegistry,createFromTypeNodesInternal,1383
66,com.google.javascript.rhino.jstype.JSTypeRegistry,createFromTypeNodesInternal,1397
66,com.google.javascript.rhino.jstype.JSTypeRegistry,createFromTypeNodesInternal,1407
66,com.google.javascript.rhino.jstype.JSTypeRegistry,createFromTypeNodesInternal,1429
66,com.google.javascript.rhino.jstype.JSTypeRegistry,createFromTypeNodesInternal,1431
66,com.google.javascript.rhino.jstype.JSTypeRegistry,createFromTypeNodesInternal,1434
66,com.google.javascript.rhino.jstype.JSTypeRegistry,createFromTypeNodesInternal,1437
66,com.google.javascript.rhino.jstype.JSTypeRegistry,createFromTypeNodesInternal,1439
66,com.google.javascript.rhino.jstype.JSTypeRegistry,createFromTypeNodesInternal,1440
66,com.google.javascript.rhino.jstype.JSTypeRegistry,createFromTypeNodesInternal,1456
66,com.google.javascript.rhino.jstype.JSTypeRegistry,createFromTypeNodesInternal,1458
66,com.google.javascript.rhino.jstype.JSTypeRegistry,createFunctionType,1220
66,com.google.javascript.rhino.jstype.JSTypeRegistry,createFunctionType,1177
66,com.google.javascript.rhino.jstype.JSTypeRegistry,createFunctionType,1178
66,com.google.javascript.rhino.jstype.JSTypeRegistry,createFunctionTypeWithVarArgs,1026
66,com.google.javascript.rhino.jstype.JSTypeRegistry,createNullableType,918
66,com.google.javascript.rhino.jstype.JSTypeRegistry,createObjectType,1261
66,com.google.javascript.rhino.jstype.JSTypeRegistry,createOptionalParameters,1140
66,com.google.javascript.rhino.jstype.JSTypeRegistry,createOptionalParameters,1141
66,com.google.javascript.rhino.jstype.JSTypeRegistry,createOptionalParameters,1142
66,com.google.javascript.rhino.jstype.JSTypeRegistry,createOptionalType,896
66,com.google.javascript.rhino.jstype.JSTypeRegistry,createOptionalType,897
66,com.google.javascript.rhino.jstype.JSTypeRegistry,createOptionalType,899
66,com.google.javascript.rhino.jstype.JSTypeRegistry,createParameters,1156
66,com.google.javascript.rhino.jstype.JSTypeRegistry,createParameters,1157
66,com.google.javascript.rhino.jstype.JSTypeRegistry,createParameters,1158
66,com.google.javascript.rhino.jstype.JSTypeRegistry,createParameters,1159
66,com.google.javascript.rhino.jstype.JSTypeRegistry,createParameters,1160
66,com.google.javascript.rhino.jstype.JSTypeRegistry,createParameters,1162
66,com.google.javascript.rhino.jstype.JSTypeRegistry,createParameters,1165
66,com.google.javascript.rhino.jstype.JSTypeRegistry,createParametersWithVarArgs,1132
66,com.google.javascript.rhino.jstype.JSTypeRegistry,createUnionType,934
66,com.google.javascript.rhino.jstype.JSTypeRegistry,createUnionType,935
66,com.google.javascript.rhino.jstype.JSTypeRegistry,createUnionType,936
66,com.google.javascript.rhino.jstype.JSTypeRegistry,createUnionType,938
66,com.google.javascript.rhino.jstype.JSTypeRegistry,createUnionType,946
66,com.google.javascript.rhino.jstype.JSTypeRegistry,createUnionType,947
66,com.google.javascript.rhino.jstype.JSTypeRegistry,createUnionType,948
66,com.google.javascript.rhino.jstype.JSTypeRegistry,createUnionType,950
66,com.google.javascript.rhino.jstype.JSTypeRegistry,declareType,761
66,com.google.javascript.rhino.jstype.JSTypeRegistry,declareType,764
66,com.google.javascript.rhino.jstype.JSTypeRegistry,declareType,765
66,com.google.javascript.rhino.jstype.JSTypeRegistry,getErrorReporter,217
66,com.google.javascript.rhino.jstype.JSTypeRegistry,getNativeFunctionType,821
66,com.google.javascript.rhino.jstype.JSTypeRegistry,getNativeObjectType,817
66,com.google.javascript.rhino.jstype.JSTypeRegistry,getNativeType,813
66,com.google.javascript.rhino.jstype.JSTypeRegistry,getType,850
66,com.google.javascript.rhino.jstype.JSTypeRegistry,getType,851
66,com.google.javascript.rhino.jstype.JSTypeRegistry,getType,859
66,com.google.javascript.rhino.jstype.JSTypeRegistry,getType,806
66,com.google.javascript.rhino.jstype.JSTypeRegistry,getType,809
66,com.google.javascript.rhino.jstype.JSTypeRegistry,initializeBuiltInTypes,238
66,com.google.javascript.rhino.jstype.JSTypeRegistry,initializeBuiltInTypes,239
66,com.google.javascript.rhino.jstype.JSTypeRegistry,initializeBuiltInTypes,241
66,com.google.javascript.rhino.jstype.JSTypeRegistry,initializeBuiltInTypes,242
66,com.google.javascript.rhino.jstype.JSTypeRegistry,initializeBuiltInTypes,244
66,com.google.javascript.rhino.jstype.JSTypeRegistry,initializeBuiltInTypes,245
66,com.google.javascript.rhino.jstype.JSTypeRegistry,initializeBuiltInTypes,247
66,com.google.javascript.rhino.jstype.JSTypeRegistry,initializeBuiltInTypes,248
66,com.google.javascript.rhino.jstype.JSTypeRegistry,initializeBuiltInTypes,250
66,com.google.javascript.rhino.jstype.JSTypeRegistry,initializeBuiltInTypes,251
66,com.google.javascript.rhino.jstype.JSTypeRegistry,initializeBuiltInTypes,252
66,com.google.javascript.rhino.jstype.JSTypeRegistry,initializeBuiltInTypes,255
66,com.google.javascript.rhino.jstype.JSTypeRegistry,initializeBuiltInTypes,256
66,com.google.javascript.rhino.jstype.JSTypeRegistry,initializeBuiltInTypes,258
66,com.google.javascript.rhino.jstype.JSTypeRegistry,initializeBuiltInTypes,259
66,com.google.javascript.rhino.jstype.JSTypeRegistry,initializeBuiltInTypes,265
66,com.google.javascript.rhino.jstype.JSTypeRegistry,initializeBuiltInTypes,267
66,com.google.javascript.rhino.jstype.JSTypeRegistry,initializeBuiltInTypes,270
66,com.google.javascript.rhino.jstype.JSTypeRegistry,initializeBuiltInTypes,274
66,com.google.javascript.rhino.jstype.JSTypeRegistry,initializeBuiltInTypes,276
66,com.google.javascript.rhino.jstype.JSTypeRegistry,initializeBuiltInTypes,278
66,com.google.javascript.rhino.jstype.JSTypeRegistry,initializeBuiltInTypes,279
66,com.google.javascript.rhino.jstype.JSTypeRegistry,initializeBuiltInTypes,281
66,com.google.javascript.rhino.jstype.JSTypeRegistry,initializeBuiltInTypes,282
66,com.google.javascript.rhino.jstype.JSTypeRegistry,initializeBuiltInTypes,285
66,com.google.javascript.rhino.jstype.JSTypeRegistry,initializeBuiltInTypes,290
66,com.google.javascript.rhino.jstype.JSTypeRegistry,initializeBuiltInTypes,291
66,com.google.javascript.rhino.jstype.JSTypeRegistry,initializeBuiltInTypes,294
66,com.google.javascript.rhino.jstype.JSTypeRegistry,initializeBuiltInTypes,295
66,com.google.javascript.rhino.jstype.JSTypeRegistry,initializeBuiltInTypes,297
66,com.google.javascript.rhino.jstype.JSTypeRegistry,initializeBuiltInTypes,298
66,com.google.javascript.rhino.jstype.JSTypeRegistry,initializeBuiltInTypes,300
66,com.google.javascript.rhino.jstype.JSTypeRegistry,initializeBuiltInTypes,301
66,com.google.javascript.rhino.jstype.JSTypeRegistry,initializeBuiltInTypes,303
66,com.google.javascript.rhino.jstype.JSTypeRegistry,initializeBuiltInTypes,304
66,com.google.javascript.rhino.jstype.JSTypeRegistry,initializeBuiltInTypes,307
66,com.google.javascript.rhino.jstype.JSTypeRegistry,initializeBuiltInTypes,311
66,com.google.javascript.rhino.jstype.JSTypeRegistry,initializeBuiltInTypes,314
66,com.google.javascript.rhino.jstype.JSTypeRegistry,initializeBuiltInTypes,315
66,com.google.javascript.rhino.jstype.JSTypeRegistry,initializeBuiltInTypes,317
66,com.google.javascript.rhino.jstype.JSTypeRegistry,initializeBuiltInTypes,318
66,com.google.javascript.rhino.jstype.JSTypeRegistry,initializeBuiltInTypes,321
66,com.google.javascript.rhino.jstype.JSTypeRegistry,initializeBuiltInTypes,325
66,com.google.javascript.rhino.jstype.JSTypeRegistry,initializeBuiltInTypes,326
66,com.google.javascript.rhino.jstype.JSTypeRegistry,initializeBuiltInTypes,329
66,com.google.javascript.rhino.jstype.JSTypeRegistry,initializeBuiltInTypes,331
66,com.google.javascript.rhino.jstype.JSTypeRegistry,initializeBuiltInTypes,334
66,com.google.javascript.rhino.jstype.JSTypeRegistry,initializeBuiltInTypes,341
66,com.google.javascript.rhino.jstype.JSTypeRegistry,initializeBuiltInTypes,342
66,com.google.javascript.rhino.jstype.JSTypeRegistry,initializeBuiltInTypes,344
66,com.google.javascript.rhino.jstype.JSTypeRegistry,initializeBuiltInTypes,345
66,com.google.javascript.rhino.jstype.JSTypeRegistry,initializeBuiltInTypes,348
66,com.google.javascript.rhino.jstype.JSTypeRegistry,initializeBuiltInTypes,349
66,com.google.javascript.rhino.jstype.JSTypeRegistry,initializeBuiltInTypes,351
66,com.google.javascript.rhino.jstype.JSTypeRegistry,initializeBuiltInTypes,352
66,com.google.javascript.rhino.jstype.JSTypeRegistry,initializeBuiltInTypes,355
66,com.google.javascript.rhino.jstype.JSTypeRegistry,initializeBuiltInTypes,357
66,com.google.javascript.rhino.jstype.JSTypeRegistry,initializeBuiltInTypes,358
66,com.google.javascript.rhino.jstype.JSTypeRegistry,initializeBuiltInTypes,361
66,com.google.javascript.rhino.jstype.JSTypeRegistry,initializeBuiltInTypes,362
66,com.google.javascript.rhino.jstype.JSTypeRegistry,initializeBuiltInTypes,365
66,com.google.javascript.rhino.jstype.JSTypeRegistry,initializeBuiltInTypes,367
66,com.google.javascript.rhino.jstype.JSTypeRegistry,initializeBuiltInTypes,368
66,com.google.javascript.rhino.jstype.JSTypeRegistry,initializeBuiltInTypes,371
66,com.google.javascript.rhino.jstype.JSTypeRegistry,initializeBuiltInTypes,372
66,com.google.javascript.rhino.jstype.JSTypeRegistry,initializeBuiltInTypes,375
66,com.google.javascript.rhino.jstype.JSTypeRegistry,initializeBuiltInTypes,377
66,com.google.javascript.rhino.jstype.JSTypeRegistry,initializeBuiltInTypes,378
66,com.google.javascript.rhino.jstype.JSTypeRegistry,initializeBuiltInTypes,381
66,com.google.javascript.rhino.jstype.JSTypeRegistry,initializeBuiltInTypes,383
66,com.google.javascript.rhino.jstype.JSTypeRegistry,initializeBuiltInTypes,386
66,com.google.javascript.rhino.jstype.JSTypeRegistry,initializeBuiltInTypes,388
66,com.google.javascript.rhino.jstype.JSTypeRegistry,initializeBuiltInTypes,389
66,com.google.javascript.rhino.jstype.JSTypeRegistry,initializeBuiltInTypes,392
66,com.google.javascript.rhino.jstype.JSTypeRegistry,initializeBuiltInTypes,393
66,com.google.javascript.rhino.jstype.JSTypeRegistry,initializeBuiltInTypes,396
66,com.google.javascript.rhino.jstype.JSTypeRegistry,initializeBuiltInTypes,398
66,com.google.javascript.rhino.jstype.JSTypeRegistry,initializeBuiltInTypes,399
66,com.google.javascript.rhino.jstype.JSTypeRegistry,initializeBuiltInTypes,402
66,com.google.javascript.rhino.jstype.JSTypeRegistry,initializeBuiltInTypes,403
66,com.google.javascript.rhino.jstype.JSTypeRegistry,initializeBuiltInTypes,406
66,com.google.javascript.rhino.jstype.JSTypeRegistry,initializeBuiltInTypes,408
66,com.google.javascript.rhino.jstype.JSTypeRegistry,initializeBuiltInTypes,409
66,com.google.javascript.rhino.jstype.JSTypeRegistry,initializeBuiltInTypes,412
66,com.google.javascript.rhino.jstype.JSTypeRegistry,initializeBuiltInTypes,413
66,com.google.javascript.rhino.jstype.JSTypeRegistry,initializeBuiltInTypes,416
66,com.google.javascript.rhino.jstype.JSTypeRegistry,initializeBuiltInTypes,420
66,com.google.javascript.rhino.jstype.JSTypeRegistry,initializeBuiltInTypes,421
66,com.google.javascript.rhino.jstype.JSTypeRegistry,initializeBuiltInTypes,424
66,com.google.javascript.rhino.jstype.JSTypeRegistry,initializeBuiltInTypes,426
66,com.google.javascript.rhino.jstype.JSTypeRegistry,initializeBuiltInTypes,429
66,com.google.javascript.rhino.jstype.JSTypeRegistry,initializeBuiltInTypes,433
66,com.google.javascript.rhino.jstype.JSTypeRegistry,initializeBuiltInTypes,436
66,com.google.javascript.rhino.jstype.JSTypeRegistry,initializeBuiltInTypes,437
66,com.google.javascript.rhino.jstype.JSTypeRegistry,initializeBuiltInTypes,439
66,com.google.javascript.rhino.jstype.JSTypeRegistry,initializeBuiltInTypes,440
66,com.google.javascript.rhino.jstype.JSTypeRegistry,initializeBuiltInTypes,443
66,com.google.javascript.rhino.jstype.JSTypeRegistry,initializeBuiltInTypes,447
66,com.google.javascript.rhino.jstype.JSTypeRegistry,initializeBuiltInTypes,448
66,com.google.javascript.rhino.jstype.JSTypeRegistry,initializeBuiltInTypes,451
66,com.google.javascript.rhino.jstype.JSTypeRegistry,initializeBuiltInTypes,453
66,com.google.javascript.rhino.jstype.JSTypeRegistry,initializeBuiltInTypes,457
66,com.google.javascript.rhino.jstype.JSTypeRegistry,initializeBuiltInTypes,459
66,com.google.javascript.rhino.jstype.JSTypeRegistry,initializeBuiltInTypes,462
66,com.google.javascript.rhino.jstype.JSTypeRegistry,initializeBuiltInTypes,464
66,com.google.javascript.rhino.jstype.JSTypeRegistry,initializeBuiltInTypes,468
66,com.google.javascript.rhino.jstype.JSTypeRegistry,initializeBuiltInTypes,470
66,com.google.javascript.rhino.jstype.JSTypeRegistry,initializeBuiltInTypes,474
66,com.google.javascript.rhino.jstype.JSTypeRegistry,initializeBuiltInTypes,475
66,com.google.javascript.rhino.jstype.JSTypeRegistry,initializeBuiltInTypes,480
66,com.google.javascript.rhino.jstype.JSTypeRegistry,initializeBuiltInTypes,482
66,com.google.javascript.rhino.jstype.JSTypeRegistry,initializeBuiltInTypes,486
66,com.google.javascript.rhino.jstype.JSTypeRegistry,initializeBuiltInTypes,488
66,com.google.javascript.rhino.jstype.JSTypeRegistry,initializeBuiltInTypes,492
66,com.google.javascript.rhino.jstype.JSTypeRegistry,initializeBuiltInTypes,494
66,com.google.javascript.rhino.jstype.JSTypeRegistry,initializeBuiltInTypes,498
66,com.google.javascript.rhino.jstype.JSTypeRegistry,initializeBuiltInTypes,518
66,com.google.javascript.rhino.jstype.JSTypeRegistry,initializeBuiltInTypes,519
66,com.google.javascript.rhino.jstype.JSTypeRegistry,initializeBuiltInTypes,522
66,com.google.javascript.rhino.jstype.JSTypeRegistry,initializeBuiltInTypes,523
66,com.google.javascript.rhino.jstype.JSTypeRegistry,initializeBuiltInTypes,526
66,com.google.javascript.rhino.jstype.JSTypeRegistry,initializeBuiltInTypes,528
66,com.google.javascript.rhino.jstype.JSTypeRegistry,initializeBuiltInTypes,531
66,com.google.javascript.rhino.jstype.JSTypeRegistry,initializeBuiltInTypes,533
66,com.google.javascript.rhino.jstype.JSTypeRegistry,initializeBuiltInTypes,536
66,com.google.javascript.rhino.jstype.JSTypeRegistry,initializeBuiltInTypes,538
66,com.google.javascript.rhino.jstype.JSTypeRegistry,initializeBuiltInTypes,543
66,com.google.javascript.rhino.jstype.JSTypeRegistry,initializeBuiltInTypes,544
66,com.google.javascript.rhino.jstype.JSTypeRegistry,initializeRegistry,547
66,com.google.javascript.rhino.jstype.JSTypeRegistry,initializeRegistry,548
66,com.google.javascript.rhino.jstype.JSTypeRegistry,initializeRegistry,549
66,com.google.javascript.rhino.jstype.JSTypeRegistry,initializeRegistry,550
66,com.google.javascript.rhino.jstype.JSTypeRegistry,initializeRegistry,551
66,com.google.javascript.rhino.jstype.JSTypeRegistry,initializeRegistry,552
66,com.google.javascript.rhino.jstype.JSTypeRegistry,initializeRegistry,553
66,com.google.javascript.rhino.jstype.JSTypeRegistry,initializeRegistry,554
66,com.google.javascript.rhino.jstype.JSTypeRegistry,initializeRegistry,555
66,com.google.javascript.rhino.jstype.JSTypeRegistry,initializeRegistry,556
66,com.google.javascript.rhino.jstype.JSTypeRegistry,initializeRegistry,557
66,com.google.javascript.rhino.jstype.JSTypeRegistry,initializeRegistry,558
66,com.google.javascript.rhino.jstype.JSTypeRegistry,initializeRegistry,559
66,com.google.javascript.rhino.jstype.JSTypeRegistry,initializeRegistry,560
66,com.google.javascript.rhino.jstype.JSTypeRegistry,initializeRegistry,561
66,com.google.javascript.rhino.jstype.JSTypeRegistry,initializeRegistry,562
66,com.google.javascript.rhino.jstype.JSTypeRegistry,initializeRegistry,563
66,com.google.javascript.rhino.jstype.JSTypeRegistry,initializeRegistry,564
66,com.google.javascript.rhino.jstype.JSTypeRegistry,initializeRegistry,565
66,com.google.javascript.rhino.jstype.JSTypeRegistry,initializeRegistry,566
66,com.google.javascript.rhino.jstype.JSTypeRegistry,initializeRegistry,567
66,com.google.javascript.rhino.jstype.JSTypeRegistry,initializeRegistry,568
66,com.google.javascript.rhino.jstype.JSTypeRegistry,initializeRegistry,569
66,com.google.javascript.rhino.jstype.JSTypeRegistry,initializeRegistry,570
66,com.google.javascript.rhino.jstype.JSTypeRegistry,register,573
66,com.google.javascript.rhino.jstype.JSTypeRegistry,register,574
66,com.google.javascript.rhino.jstype.JSTypeRegistry,register,577
66,com.google.javascript.rhino.jstype.JSTypeRegistry,register,580
66,com.google.javascript.rhino.jstype.JSTypeRegistry,register,584
66,com.google.javascript.rhino.jstype.JSTypeRegistry,registerNativeType,587
66,com.google.javascript.rhino.jstype.JSTypeRegistry,registerNativeType,588
66,com.google.javascript.rhino.jstype.JSTypeRegistry,registerPropertyOnType,603
66,com.google.javascript.rhino.jstype.JSTypeRegistry,registerPropertyOnType,604
66,com.google.javascript.rhino.jstype.JSTypeRegistry,registerPropertyOnType,605
66,com.google.javascript.rhino.jstype.JSTypeRegistry,registerPropertyOnType,606
66,com.google.javascript.rhino.jstype.JSTypeRegistry,registerPropertyOnType,609
66,com.google.javascript.rhino.jstype.JSTypeRegistry,registerPropertyOnType,610
66,com.google.javascript.rhino.jstype.JSTypeRegistry,registerPropertyOnType,613
66,com.google.javascript.rhino.jstype.JSTypeRegistry,registerPropertyOnType,614
66,com.google.javascript.rhino.jstype.JSTypeRegistry,resetForTypeCheck,228
66,com.google.javascript.rhino.jstype.JSTypeRegistry,resetForTypeCheck,229
66,com.google.javascript.rhino.jstype.JSTypeRegistry,resetForTypeCheck,230
66,com.google.javascript.rhino.jstype.JSTypeRegistry,resetForTypeCheck,231
66,com.google.javascript.rhino.jstype.JSTypeRegistry,resetForTypeCheck,232
66,com.google.javascript.rhino.jstype.JSTypeRegistry,resetForTypeCheck,233
66,com.google.javascript.rhino.jstype.JSTypeRegistry,resetForTypeCheck,234
66,com.google.javascript.rhino.jstype.JSTypeRegistry,resolveTypesInScope,866
66,com.google.javascript.rhino.jstype.JSTypeRegistry,resolveTypesInScope,870
66,com.google.javascript.rhino.jstype.JSTypeRegistry,resolveTypesInScope,872
66,com.google.javascript.rhino.jstype.JSTypeRegistry,resolveTypesInScope,876
66,com.google.javascript.rhino.jstype.JSTypeRegistry,resolveTypesInScope,878
66,com.google.javascript.rhino.jstype.JSTypeRegistry,resolveTypesInScope,879
66,com.google.javascript.rhino.jstype.JSTypeRegistry,resolveTypesInScope,880
66,com.google.javascript.rhino.jstype.JSTypeRegistry,resolveTypesInScope,881
66,com.google.javascript.rhino.jstype.JSTypeRegistry,resolveTypesInScope,884
66,com.google.javascript.rhino.jstype.JSTypeRegistry,resolveTypesInScope,889
66,com.google.javascript.rhino.jstype.JSTypeRegistry,setTemplateTypeName,1591
66,com.google.javascript.rhino.jstype.JSTypeRegistry,setTemplateTypeName,1592
66,com.google.javascript.rhino.jstype.JSTypeRegistry,setTemplateTypeName,1593
66,com.google.javascript.rhino.jstype.JSTypeRegistry,shouldTolerateUndefinedValues,221
66,com.google.javascript.rhino.jstype.JSTypeRegistry$1,<init>,507
66,com.google.javascript.rhino.jstype.JSTypeRegistry$ResolveMode,<clinit>,159
66,com.google.javascript.rhino.jstype.JSTypeRegistry$ResolveMode,<clinit>,164
66,com.google.javascript.rhino.jstype.JSTypeRegistry$ResolveMode,<clinit>,174
66,com.google.javascript.rhino.jstype.JSTypeRegistry$ResolveMode,<clinit>,180
66,com.google.javascript.rhino.jstype.NoObjectType,<init>,67
66,com.google.javascript.rhino.jstype.NoObjectType,<init>,70
66,com.google.javascript.rhino.jstype.NoObjectType,<init>,71
66,com.google.javascript.rhino.jstype.NoObjectType,<init>,72
66,com.google.javascript.rhino.jstype.NoObjectType,getImplicitPrototype,95
66,com.google.javascript.rhino.jstype.NoObjectType,resolveInternal,187
66,com.google.javascript.rhino.jstype.NoResolvedType,<init>,59
66,com.google.javascript.rhino.jstype.NoResolvedType,<init>,60
66,com.google.javascript.rhino.jstype.NoType,<init>,65
66,com.google.javascript.rhino.jstype.NoType,<init>,66
66,com.google.javascript.rhino.jstype.NoType,isNoType,75
66,com.google.javascript.rhino.jstype.NullType,<init>,54
66,com.google.javascript.rhino.jstype.NullType,<init>,55
66,com.google.javascript.rhino.jstype.NullType,getDisplayName,109
66,com.google.javascript.rhino.jstype.NullType,isSubtype,50
66,com.google.javascript.rhino.jstype.NullType,restrictByNotNullOrUndefined,84
66,com.google.javascript.rhino.jstype.NullType,toString,104
66,com.google.javascript.rhino.jstype.NumberType,<init>,53
66,com.google.javascript.rhino.jstype.NumberType,<init>,54
66,com.google.javascript.rhino.jstype.NumberType,autoboxesTo,117
66,com.google.javascript.rhino.jstype.NumberType,getDisplayName,102
66,com.google.javascript.rhino.jstype.NumberType,isSubtype,49
66,com.google.javascript.rhino.jstype.NumberType,toString,97
66,com.google.javascript.rhino.jstype.ObjectType,<init>,82
66,com.google.javascript.rhino.jstype.ObjectType,<init>,83
66,com.google.javascript.rhino.jstype.ObjectType,<init>,86
66,com.google.javascript.rhino.jstype.ObjectType,<init>,87
66,com.google.javascript.rhino.jstype.ObjectType,cast,510
66,com.google.javascript.rhino.jstype.ObjectType,clearCachedValues,498
66,com.google.javascript.rhino.jstype.ObjectType,clearCachedValues,499
66,com.google.javascript.rhino.jstype.ObjectType,createDelegateSuffix,197
66,com.google.javascript.rhino.jstype.ObjectType,defineDeclaredProperty,249
66,com.google.javascript.rhino.jstype.ObjectType,defineDeclaredProperty,256
66,com.google.javascript.rhino.jstype.ObjectType,defineDeclaredProperty,258
66,com.google.javascript.rhino.jstype.ObjectType,getJSDocInfo,109
66,com.google.javascript.rhino.jstype.ObjectType,getJSDocInfo,110
66,com.google.javascript.rhino.jstype.ObjectType,getJSDocInfo,111
66,com.google.javascript.rhino.jstype.ObjectType,getJSDocInfo,112
66,com.google.javascript.rhino.jstype.ObjectType,getJSDocInfo,114
66,com.google.javascript.rhino.jstype.ObjectType,hasCachedValues,494
66,com.google.javascript.rhino.jstype.ObjectType,hasOwnDeclaredProperty,404
66,com.google.javascript.rhino.jstype.ObjectType,isImplicitPrototype,448
66,com.google.javascript.rhino.jstype.ObjectType,isImplicitPrototype,449
66,com.google.javascript.rhino.jstype.ObjectType,isImplicitPrototype,450
66,com.google.javascript.rhino.jstype.ObjectType,isImplicitPrototype,451
66,com.google.javascript.rhino.jstype.ObjectType,isImplicitPrototype,452
66,com.google.javascript.rhino.jstype.ObjectType,isImplicitPrototype,455
66,com.google.javascript.rhino.jstype.ObjectType,isNativeObjectType,503
66,com.google.javascript.rhino.jstype.ObjectType,isUnknownType,471
66,com.google.javascript.rhino.jstype.ObjectType,isUnknownType,472
66,com.google.javascript.rhino.jstype.ObjectType,isUnknownType,473
66,com.google.javascript.rhino.jstype.ObjectType,isUnknownType,475
66,com.google.javascript.rhino.jstype.ObjectType,isUnknownType,477
66,com.google.javascript.rhino.jstype.ObjectType,isUnknownType,480
66,com.google.javascript.rhino.jstype.ObjectType,setJSDocInfo,123
66,com.google.javascript.rhino.jstype.ObjectType,setJSDocInfo,124
66,com.google.javascript.rhino.jstype.PrototypeObjectType,<init>,101
66,com.google.javascript.rhino.jstype.PrototypeObjectType,<init>,102
66,com.google.javascript.rhino.jstype.PrototypeObjectType,<init>,84
66,com.google.javascript.rhino.jstype.PrototypeObjectType,<init>,110
66,com.google.javascript.rhino.jstype.PrototypeObjectType,<init>,111
66,com.google.javascript.rhino.jstype.PrototypeObjectType,<init>,112
66,com.google.javascript.rhino.jstype.PrototypeObjectType,<init>,113
66,com.google.javascript.rhino.jstype.PrototypeObjectType,<init>,114
66,com.google.javascript.rhino.jstype.PrototypeObjectType,<init>,115
66,com.google.javascript.rhino.jstype.PrototypeObjectType,<init>,117
66,com.google.javascript.rhino.jstype.PrototypeObjectType,<init>,120
66,com.google.javascript.rhino.jstype.PrototypeObjectType,defineProperty,230
66,com.google.javascript.rhino.jstype.PrototypeObjectType,defineProperty,233
66,com.google.javascript.rhino.jstype.PrototypeObjectType,defineProperty,234
66,com.google.javascript.rhino.jstype.PrototypeObjectType,getConstructor,389
66,com.google.javascript.rhino.jstype.PrototypeObjectType,getImplicitPrototype,394
66,com.google.javascript.rhino.jstype.PrototypeObjectType,getPropertiesCount,127
66,com.google.javascript.rhino.jstype.PrototypeObjectType,getPropertiesCount,128
66,com.google.javascript.rhino.jstype.PrototypeObjectType,getPropertiesCount,129
66,com.google.javascript.rhino.jstype.PrototypeObjectType,getPropertiesCount,131
66,com.google.javascript.rhino.jstype.PrototypeObjectType,getPropertiesCount,132
66,com.google.javascript.rhino.jstype.PrototypeObjectType,getPropertiesCount,133
66,com.google.javascript.rhino.jstype.PrototypeObjectType,getPropertiesCount,134
66,com.google.javascript.rhino.jstype.PrototypeObjectType,getPropertiesCount,136
66,com.google.javascript.rhino.jstype.PrototypeObjectType,getPropertiesCount,137
66,com.google.javascript.rhino.jstype.PrototypeObjectType,getPropertyType,203
66,com.google.javascript.rhino.jstype.PrototypeObjectType,getPropertyType,204
66,com.google.javascript.rhino.jstype.PrototypeObjectType,getPropertyType,205
66,com.google.javascript.rhino.jstype.PrototypeObjectType,getReferenceName,410
66,com.google.javascript.rhino.jstype.PrototypeObjectType,getReferenceName,411
66,com.google.javascript.rhino.jstype.PrototypeObjectType,hasCachedValues,516
66,com.google.javascript.rhino.jstype.PrototypeObjectType,hasOwnProperty,154
66,com.google.javascript.rhino.jstype.PrototypeObjectType,hasProperty,142
66,com.google.javascript.rhino.jstype.PrototypeObjectType,hasProperty,143
66,com.google.javascript.rhino.jstype.PrototypeObjectType,hasProperty,145
66,com.google.javascript.rhino.jstype.PrototypeObjectType,hasProperty,146
66,com.google.javascript.rhino.jstype.PrototypeObjectType,hasProperty,149
66,com.google.javascript.rhino.jstype.PrototypeObjectType,hasReferenceName,419
66,com.google.javascript.rhino.jstype.PrototypeObjectType,implicitPrototypeChainIsUnknown,469
66,com.google.javascript.rhino.jstype.PrototypeObjectType,implicitPrototypeChainIsUnknown,470
66,com.google.javascript.rhino.jstype.PrototypeObjectType,implicitPrototypeChainIsUnknown,471
66,com.google.javascript.rhino.jstype.PrototypeObjectType,implicitPrototypeChainIsUnknown,474
66,com.google.javascript.rhino.jstype.PrototypeObjectType,implicitPrototypeChainIsUnknown,476
66,com.google.javascript.rhino.jstype.PrototypeObjectType,isNativeObjectType,522
66,com.google.javascript.rhino.jstype.PrototypeObjectType,isPropertyTypeDeclared,164
66,com.google.javascript.rhino.jstype.PrototypeObjectType,isPropertyTypeDeclared,165
66,com.google.javascript.rhino.jstype.PrototypeObjectType,isPropertyTypeDeclared,173
66,com.google.javascript.rhino.jstype.PrototypeObjectType,isSubtype,424
66,com.google.javascript.rhino.jstype.PrototypeObjectType,isSubtype,425
66,com.google.javascript.rhino.jstype.PrototypeObjectType,isSubtype,429
66,com.google.javascript.rhino.jstype.PrototypeObjectType,isSubtype,432
66,com.google.javascript.rhino.jstype.PrototypeObjectType,isSubtype,436
66,com.google.javascript.rhino.jstype.PrototypeObjectType,isSubtype,443
66,com.google.javascript.rhino.jstype.PrototypeObjectType,isSubtype,444
66,com.google.javascript.rhino.jstype.PrototypeObjectType,isSubtype,445
66,com.google.javascript.rhino.jstype.PrototypeObjectType,isSubtype,455
66,com.google.javascript.rhino.jstype.PrototypeObjectType,isSubtype,456
66,com.google.javascript.rhino.jstype.PrototypeObjectType,isSubtype,462
66,com.google.javascript.rhino.jstype.PrototypeObjectType,resolveInternal,527
66,com.google.javascript.rhino.jstype.PrototypeObjectType,resolveInternal,529
66,com.google.javascript.rhino.jstype.PrototypeObjectType,resolveInternal,530
66,com.google.javascript.rhino.jstype.PrototypeObjectType,resolveInternal,531
66,com.google.javascript.rhino.jstype.PrototypeObjectType,resolveInternal,534
66,com.google.javascript.rhino.jstype.PrototypeObjectType,resolveInternal,535
66,com.google.javascript.rhino.jstype.PrototypeObjectType,resolveInternal,536
66,com.google.javascript.rhino.jstype.PrototypeObjectType,resolveInternal,537
66,com.google.javascript.rhino.jstype.PrototypeObjectType,setImplicitPrototype,404
66,com.google.javascript.rhino.jstype.PrototypeObjectType,setImplicitPrototype,405
66,com.google.javascript.rhino.jstype.PrototypeObjectType,setImplicitPrototype,406
66,com.google.javascript.rhino.jstype.PrototypeObjectType,setPropertyJSDocInfo,262
66,com.google.javascript.rhino.jstype.PrototypeObjectType,setPropertyJSDocInfo,263
66,com.google.javascript.rhino.jstype.PrototypeObjectType,setPropertyJSDocInfo,273
66,com.google.javascript.rhino.jstype.PrototypeObjectType,setPropertyJSDocInfo,274
66,com.google.javascript.rhino.jstype.PrototypeObjectType,setPropertyJSDocInfo,275
66,com.google.javascript.rhino.jstype.PrototypeObjectType,setPropertyJSDocInfo,278
66,com.google.javascript.rhino.jstype.PrototypeObjectType,toString,344
66,com.google.javascript.rhino.jstype.PrototypeObjectType,toString,345
66,com.google.javascript.rhino.jstype.PrototypeObjectType$Property,<init>,504
66,com.google.javascript.rhino.jstype.PrototypeObjectType$Property,<init>,506
66,com.google.javascript.rhino.jstype.PrototypeObjectType$Property,<init>,507
66,com.google.javascript.rhino.jstype.PrototypeObjectType$Property,<init>,508
66,com.google.javascript.rhino.jstype.PrototypeObjectType$Property,<init>,509
66,com.google.javascript.rhino.jstype.PrototypeObjectType$Property,<init>,510
66,com.google.javascript.rhino.jstype.PrototypeObjectType$Property,<init>,511
66,com.google.javascript.rhino.jstype.PrototypeObjectType$Property,access$102,479
66,com.google.javascript.rhino.jstype.ProxyObjectType,<init>,64
66,com.google.javascript.rhino.jstype.ProxyObjectType,<init>,65
66,com.google.javascript.rhino.jstype.ProxyObjectType,<init>,66
66,com.google.javascript.rhino.jstype.ProxyObjectType,setReferencedType,73
66,com.google.javascript.rhino.jstype.ProxyObjectType,setReferencedType,74
66,com.google.javascript.rhino.jstype.ProxyObjectType,setReferencedType,75
66,com.google.javascript.rhino.jstype.ProxyObjectType,setReferencedType,79
66,com.google.javascript.rhino.jstype.StringType,<init>,53
66,com.google.javascript.rhino.jstype.StringType,<init>,54
66,com.google.javascript.rhino.jstype.StringType,getDisplayName,97
66,com.google.javascript.rhino.jstype.StringType,isSubtype,49
66,com.google.javascript.rhino.jstype.StringType,toString,92
66,com.google.javascript.rhino.jstype.TemplateType,<init>,54
66,com.google.javascript.rhino.jstype.TemplateType,<init>,55
66,com.google.javascript.rhino.jstype.TemplateType,<init>,56
66,com.google.javascript.rhino.jstype.UnionType,<init>,82
66,com.google.javascript.rhino.jstype.UnionType,<init>,83
66,com.google.javascript.rhino.jstype.UnionType,<init>,84
66,com.google.javascript.rhino.jstype.UnionType,<init>,85
66,com.google.javascript.rhino.jstype.UnionType,getAlternates,93
66,com.google.javascript.rhino.jstype.UnionType,isUnknownType,259
66,com.google.javascript.rhino.jstype.UnionType,isUnknownType,260
66,com.google.javascript.rhino.jstype.UnionType,isUnknownType,263
66,com.google.javascript.rhino.jstype.UnionType,isUnknownType,264
66,com.google.javascript.rhino.jstype.UnionType,resolveInternal,519
66,com.google.javascript.rhino.jstype.UnionType,resolveInternal,521
66,com.google.javascript.rhino.jstype.UnionType,resolveInternal,522
66,com.google.javascript.rhino.jstype.UnionType,resolveInternal,523
66,com.google.javascript.rhino.jstype.UnionType,resolveInternal,524
66,com.google.javascript.rhino.jstype.UnionType,resolveInternal,525
66,com.google.javascript.rhino.jstype.UnionType,resolveInternal,526
66,com.google.javascript.rhino.jstype.UnionType,resolveInternal,527
66,com.google.javascript.rhino.jstype.UnionType,resolveInternal,528
66,com.google.javascript.rhino.jstype.UnionType,resolveInternal,534
66,com.google.javascript.rhino.jstype.UnionType,restrictByNotNullOrUndefined,218
66,com.google.javascript.rhino.jstype.UnionType,restrictByNotNullOrUndefined,219
66,com.google.javascript.rhino.jstype.UnionType,restrictByNotNullOrUndefined,220
66,com.google.javascript.rhino.jstype.UnionType,restrictByNotNullOrUndefined,221
66,com.google.javascript.rhino.jstype.UnionType,restrictByNotNullOrUndefined,222
66,com.google.javascript.rhino.jstype.UnionTypeBuilder,<clinit>,201
66,com.google.javascript.rhino.jstype.UnionTypeBuilder,<init>,71
66,com.google.javascript.rhino.jstype.UnionTypeBuilder,<init>,72
66,com.google.javascript.rhino.jstype.UnionTypeBuilder,<init>,73
66,com.google.javascript.rhino.jstype.UnionTypeBuilder,<init>,74
66,com.google.javascript.rhino.jstype.UnionTypeBuilder,<init>,77
66,com.google.javascript.rhino.jstype.UnionTypeBuilder,<init>,79
66,com.google.javascript.rhino.jstype.UnionTypeBuilder,<init>,80
66,com.google.javascript.rhino.jstype.UnionTypeBuilder,<init>,81
66,com.google.javascript.rhino.jstype.UnionTypeBuilder,addAlternate,98
66,com.google.javascript.rhino.jstype.UnionTypeBuilder,addAlternate,99
66,com.google.javascript.rhino.jstype.UnionTypeBuilder,addAlternate,102
66,com.google.javascript.rhino.jstype.UnionTypeBuilder,addAlternate,104
66,com.google.javascript.rhino.jstype.UnionTypeBuilder,addAlternate,105
66,com.google.javascript.rhino.jstype.UnionTypeBuilder,addAlternate,106
66,com.google.javascript.rhino.jstype.UnionTypeBuilder,addAlternate,110
66,com.google.javascript.rhino.jstype.UnionTypeBuilder,addAlternate,111
66,com.google.javascript.rhino.jstype.UnionTypeBuilder,addAlternate,112
66,com.google.javascript.rhino.jstype.UnionTypeBuilder,addAlternate,113
66,com.google.javascript.rhino.jstype.UnionTypeBuilder,addAlternate,114
66,com.google.javascript.rhino.jstype.UnionTypeBuilder,addAlternate,115
66,com.google.javascript.rhino.jstype.UnionTypeBuilder,addAlternate,116
66,com.google.javascript.rhino.jstype.UnionTypeBuilder,addAlternate,117
66,com.google.javascript.rhino.jstype.UnionTypeBuilder,addAlternate,124
66,com.google.javascript.rhino.jstype.UnionTypeBuilder,addAlternate,125
66,com.google.javascript.rhino.jstype.UnionTypeBuilder,addAlternate,126
66,com.google.javascript.rhino.jstype.UnionTypeBuilder,addAlternate,131
66,com.google.javascript.rhino.jstype.UnionTypeBuilder,addAlternate,140
66,com.google.javascript.rhino.jstype.UnionTypeBuilder,addAlternate,142
66,com.google.javascript.rhino.jstype.UnionTypeBuilder,addAlternate,143
66,com.google.javascript.rhino.jstype.UnionTypeBuilder,addAlternate,145
66,com.google.javascript.rhino.jstype.UnionTypeBuilder,addAlternate,148
66,com.google.javascript.rhino.jstype.UnionTypeBuilder,addAlternate,149
66,com.google.javascript.rhino.jstype.UnionTypeBuilder,addAlternate,150
66,com.google.javascript.rhino.jstype.UnionTypeBuilder,addAlternate,151
66,com.google.javascript.rhino.jstype.UnionTypeBuilder,addAlternate,155
66,com.google.javascript.rhino.jstype.UnionTypeBuilder,build,192
66,com.google.javascript.rhino.jstype.UnionTypeBuilder,build,193
66,com.google.javascript.rhino.jstype.UnionTypeBuilder,build,194
66,com.google.javascript.rhino.jstype.UnionTypeBuilder,build,195
66,com.google.javascript.rhino.jstype.UnionTypeBuilder,build,198
66,com.google.javascript.rhino.jstype.UnionTypeBuilder,getAlternateListCopy,212
66,com.google.javascript.rhino.jstype.UnionTypeBuilder,getAlternateListCopy,214
66,com.google.javascript.rhino.jstype.UnionTypeBuilder,reduceAlternatesWithoutUnion,164
66,com.google.javascript.rhino.jstype.UnionTypeBuilder,reduceAlternatesWithoutUnion,166
66,com.google.javascript.rhino.jstype.UnionTypeBuilder,reduceAlternatesWithoutUnion,173
66,com.google.javascript.rhino.jstype.UnionTypeBuilder,reduceAlternatesWithoutUnion,174
66,com.google.javascript.rhino.jstype.UnionTypeBuilder,reduceAlternatesWithoutUnion,176
66,com.google.javascript.rhino.jstype.UnionTypeBuilder,reduceAlternatesWithoutUnion,177
66,com.google.javascript.rhino.jstype.UnionTypeBuilder,reduceAlternatesWithoutUnion,178
66,com.google.javascript.rhino.jstype.UnionTypeBuilder,reduceAlternatesWithoutUnion,179
66,com.google.javascript.rhino.jstype.UnionTypeBuilder$1,compare,204
66,com.google.javascript.rhino.jstype.UnionTypeBuilder$1,compare,202
66,com.google.javascript.rhino.jstype.UnknownType,<init>,59
66,com.google.javascript.rhino.jstype.UnknownType,<init>,60
66,com.google.javascript.rhino.jstype.UnknownType,<init>,61
66,com.google.javascript.rhino.jstype.UnknownType,getReferenceName,161
66,com.google.javascript.rhino.jstype.UnknownType,isUnknownType,65
66,com.google.javascript.rhino.jstype.UnknownType,resolveInternal,191
66,com.google.javascript.rhino.jstype.UnknownType,toString,120
66,com.google.javascript.rhino.jstype.ValueType,<init>,49
66,com.google.javascript.rhino.jstype.ValueType,<init>,50
66,com.google.javascript.rhino.jstype.ValueType,isSubtype,54
66,com.google.javascript.rhino.jstype.ValueType,resolveInternal,59
66,com.google.javascript.rhino.jstype.VoidType,<init>,54
66,com.google.javascript.rhino.jstype.VoidType,<init>,55
66,com.google.javascript.rhino.jstype.VoidType,getDisplayName,101
66,com.google.javascript.rhino.jstype.VoidType,isSubtype,50
66,com.google.javascript.rhino.jstype.VoidType,toString,96
